5216
13 116 22
60 20 5
65 121 29
19 116 14
106 60 16
84 127 12
78 114 44
35 59 22
88 60 23
94 13 44
43 15 12
58 85 29
133 22 14
116 25 1
118 57 43
25 57 28
97 31 29
134 22 20
133 81 14
35 21 9
22 0 44
116 93 8
46 16 14
43 9 12
40 20 3
32 20 8
19 60 44
16 40 8
71 117 33
97 20 14
69 6 28
72 40 22
81 22 8
70 40 14
54 116 14
22 93 14
73 51 16
72 113 42
116 41 5
95 20 14
71 16 23
60 89 10
45 104 42
94 32 5
54 121 29
19 125 28
69 18 22
50 114 44
94 32 14
86 16 15
19 42 14
114 113 42
46 94 27
19 110 14
125 45 33
130 60 18
125 18 41
116 59 44
77 122 22
9 121 29
9 112 36
54 22 14
125 74 41
41 130 28
81 131 5
5 109 29
40 18 8
97 9 12
98 44 29
130 35 33
99 121 29
6 48 12
22 125 28
88 81 23
4 14 29
33 14 29
38 50 5
87 59 5
70 35 33
72 131 14
72 69 10
125 69 33
100 110 10
79 81 15
38 32 11
116 94 23
33 22 5
13 104 42
129 120 45
59 81 8
81 20 5
96 47 10
50 3 44
128 81 14
5 121 29
16 130 28
12 50 18
50 107 44
70 81 18
88 81 14
99 32 18
75 73 30
39 73 30
78 116 44
46 112 36
1 88 22
80 57 24
112 87 5
78 41 44
91 60 18
31 15 12
81 22 44
123 20 22
32 89 8
134 78 14
70 40 23
89 37 12
129 43 15
16 41 44
99 95 12
41 22 14
101 5 28
32 60 3
37 75 12
9 50 27
20 10 8
87 13 3
47 104 42
97 61 12
13 22 5
100 74 22
77 111 29
81 116 20
70 16 14
50 19 1
40 10 14
81 44 14
39 104 42
78 47 37
94 13 23
77 118 40
120 69 33
72 134 14
20 130 28
88 50 18
22 107 44
91 120 36
59 116 8
61 92 12
10 110 12
111 36 28
20 131 8
1 94 18
41 114 14
112 59 5
86 41 13
46 104 0
47 37 12
35 8 29
131 114 8
10 132 12
83 42 22
20 81 8
112 41 11
94 59 8
49 31 26
16 18 14
19 127 1
81 19 19
85 113 42
125 87 23
38 120 5
74 19 18
94 22 5
21 61 31
50 13 23
86 125 15
79 60 16
69 81 22
94 18 8
118 126 38
109 129 39
134 16 44
84 29 38
94 50 20
129 92 6
40 114 14
89 47 29
99 81 14
78 107 44
59 94 8
96 130 28
12 55 29
95 116 14
71 60 23
128 32 14
86 94 45
60 81 22
50 134 5
87 93 14
59 44 14
72 134 22
125 114 14
83 88 28
48 116 18
40 0 44
116 16 44
122 92 15
22 134 8
91 116 45
28 60 16
96 18 22
94 107 44
120 73 44
78 121 29
87 60 29
81 87 23
21 2 31
22 81 14
11 79 17
2 80 12
32 50 23
78 1 37
94 41 5
81 50 8
71 131 33
86 12 13
19 78 16
27 35 22
50 47 14
122 113 0
120 19 23
6 41 14
46 115 29
32 94 19
19 13 3
50 74 8
54 32 18
81 65 8
116 1 8
95 114 14
13 75 10
101 46 22
50 114 29
81 50 1
97 104 42
32 37 8
69 74 10
50 19 20
50 118 1
134 40 14
48 32 18
125 22 33
72 41 14
47 113 42
60 19 44
19 114 29
13 90 10
25 56 28
49 50 16
71 114 14
129 50 45
94 116 3
59 15 28
86 62 13
35 19 22
129 106 29
46 20 23
25 104 42
50 94 20
110 94 18
94 32 3
72 34 10
41 132 14
12 92 12
31 8 29
94 68 29
116 32 5
116 32 29
84 53 28
54 91 12
127 57 43
120 129 44
10 121 29
22 47 14
129 91 13
129 50 14
0 60 44
116 81 23
68 13 44
32 46 44
19 59 14
129 94 15
125 94 14
125 1 41
86 130 13
2 41 14
46 41 14
61 88 12
109 14 29
68 19 44
120 46 44
116 81 14
40 71 28
130 121 29
59 65 8
84 56 43
86 128 6
131 88 28
33 75 37
116 39 1
40 116 14
20 71 28
69 10 10
120 86 44
7 51 16
35 74 22
122 80 15
49 116 41
10 95 22
46 81 16
49 116 16
9 32 23
34 47 29
133 40 14
90 8 29
131 81 8
125 19 14
123 131 22
20 116 14
7 115 29
27 85 29
97 94 18
24 102 11
95 83 33
79 126 29
125 16 14
19 113 42
122 130 15
33 98 37
73 39 16
28 87 16
45 132 10
107 68 44
91 19 23
32 114 8
43 31 29
69 125 28
3 19 5
35 47 10
134 75 8
50 25 1
116 19 5
81 74 14
108 57 24
82 14 29
16 20 29
13 81 5
81 21 28
128 131 14
122 50 15
120 81 23
69 65 10
130 20 23
62 32 14
72 18 10
45 69 34
78 94 44
64 60 18
84 73 38
88 40 23
76 104 0
95 81 23
134 114 14
88 117 33
49 81 5
134 74 8
16 33 14
128 40 33
31 71 12
74 88 22
16 22 19
48 121 29
9 41 33
61 62 12
133 19 14
68 113 42
22 73 44
101 14 29
9 87 23
19 34 14
130 60 23
61 94 14
125 130 12
92 41 14
122 134 15
15 41 14
84 7 38
15 134 23
129 15 15
83 98 10
39 109 43
129 91 43
50 32 23
24 29 11
16 42 8
27 81 22
12 116 18
84 119 38
46 131 23
3 104 16
1 50 18
13 41 44
71 131 14
125 50 23
32 84 1
117 90 10
128 32 18
1 34 12
38 87 16
9 81 23
122 19 15
19 94 23
48 16 14
60 81 5
127 56 43
94 120 5
9 116 27
72 129 22
127 53 28
49 16 5
120 16 33
65 90 12
131 47 14
81 93 8
50 81 3
131 13 44
97 48 12
49 128 26
51 76 38
125 128 12
1 18 12
107 40 44
13 32 22
111 122 22
112 121 29
41 60 44
2 22 14
13 75 14
13 60 3
62 108 12
20 94 8
106 13 16
133 116 14
69 59 22
22 134 44
50 13 3
66 121 29
129 43 13
7 113 42
123 59 22
81 50 14
116 50 23
96 100 29
38 116 11
21 13 18
98 8 29
123 21 22
50 20 8
49 20 5
41 115 29
50 134 14
91 83 33
86 81 15
95 50 18
45 35 34
33 120 44
17 104 42
74 90 12
94 134 44
22 95 28
52 59 14
86 91 13
82 23 26
18 44 12
35 117 29
10 125 22
40 20 19
42 74 12
91 81 36
15 83 33
91 108 12
45 20 22
87 114 44
134 20 44
92 13 18
56 116 18
79 13 16
39 73 38
122 2 15
46 53 43
68 94 44
83 43 28
32 94 8
46 94 16
40 89 8
83 16 22
87 10 14
15 60 23
130 50 18
52 131 14
72 117 29
9 81 18
125 19 41
86 130 15
122 50 16
127 51 12
0 22 44
117 61 28
117 21 2
108 22 14
50 81 23
81 116 23
88 70 12
124 116 16
116 32 16
71 41 23
59 74 8
38 59 5
7 113 16
116 32 44
19 116 16
73 84 16
70 92 12
117 6 28
133 104 42
95 116 18
100 121 29
96 22 22
16 95 28
50 131 5
39 14 29
94 34 14
20 81 14
111 129 17
106 29 29
35 123 25
20 22 14
35 123 35
116 32 14
81 94 20
97 6 12
94 87 44
84 120 16
59 65 14
95 113 42
32 106 44
131 34 8
88 41 23
131 98 14
42 18 12
91 59 14
84 122 38
79 56 43
54 16 14
52 32 14
12 40 14
129 19 45
30 73 39
31 128 12
107 94 44
108 13 18
16 20 14
116 10 14
74 104 42
125 41 33
122 128 15
35 99 28
131 41 44
38 16 11
16 59 44
71 131 23
134 19 44
51 14 29
12 113 42
75 132 29
131 81 14
41 16 8
45 98 10
29 13 16
2 12 12
15 96 33
22 16 44
48 12 12
97 80 12
41 22 19
77 86 22
51 109 43
33 107 44
112 50 16
24 22 44
32 16 8
101 109 28
32 110 14
32 50 20
31 108 12
83 134 14
46 32 16
118 51 29
19 50 14
7 22 14
9 87 36
94 73 44
87 89 10
131 41 8
18 75 12
86 20 15
13 68 44
129 126 29
116 16 5
50 81 8
131 10 8
95 41 23
19 44 14
83 20 22
83 60 22
81 120 3
48 91 12
112 32 16
19 98 14
35 37 10
125 19 23
81 18 8
6 55 29
19 81 16
20 68 44
99 134 14
83 89 10
29 104 42
129 71 6
87 120 44
51 73 38
95 50 23
15 121 29
101 111 29
45 50 22
50 19 23
81 134 8
10 89 12
46 126 29
129 20 14
100 18 22
125 94 18
100 8 29
49 50 11
86 9 13
27 50 22
25 102 38
40 16 44
91 121 29
19 132 14
81 41 44
61 16 14
86 129 0
7 73 29
8 104 42
97 92 12
94 87 23
78 44 37
78 20 44
86 19 15
131 16 44
50 70 28
86 40 15
81 40 5
38 94 16
122 60 16
81 113 42
13 47 14
54 40 14
35 2 28
81 74 8
81 50 23
25 79 38
66 14 29
127 124 38
89 132 29
13 34 14
96 71 28
91 20 23
112 113 42
81 32 8
38 41 11
88 116 23
19 7 14
41 37 14
41 59 44
108 15 12
122 22 15
49 55 26
81 50 19
40 134 44
43 87 18
52 81 18
99 114 14
61 15 12
7 30 32
21 116 18
41 37 8
61 116 14
86 104 0
16 132 14
129 81 16
125 59 14
116 134 44
59 98 14
54 92 29
117 87 22
118 64 28
20 15 28
116 114 14
71 22 14
81 116 8
116 114 29
131 22 19
116 125 28
35 6 28
131 78 14
130 134 33
22 78 14
41 134 14
3 84 16
68 107 44
40 131 3
117 116 22
134 41 14
133 130 12
94 15 28
95 19 18
69 43 28
62 13 18
31 32 14
69 42 22
69 129 22
108 55 29
117 95 28
33 131 44
13 134 5
84 104 42
129 21 6
16 42 14
25 118 12
114 41 8
7 126 29
19 32 20
44 98 12
107 104 42
54 50 18
19 70 28
76 87 16
83 61 28
45 93 10
79 91 15
20 63 1
9 81 27
21 121 29
69 132 10
96 21 2
108 95 12
91 32 23
32 42 8
37 47 29
72 2 28
22 19 44
19 32 8
50 22 14
116 81 8
49 78 11
38 87 5
131 89 14
101 86 17
131 40 44
92 59 14
71 20 14
48 19 18
123 35 10
7 28 16
15 116 14
59 16 44
55 32 18
122 59 15
49 87 41
60 41 14
13 93 14
131 110 8
84 79 38
116 41 44
22 40 8
84 86 38
71 22 23
82 40 26
122 20 15
1 89 12
41 89 8
59 113 42
129 48 15
42 75 12
25 86 38
50 120 3
71 59 14
15 19 18
16 131 44
97 108 12
128 94 23
123 17 39
60 98 14
80 128 12
95 69 33
116 13 44
78 134 44
54 60 18
96 35 34
32 20 14
118 5 28
32 19 8
35 90 10
118 129 38
88 41 33
42 121 29
130 50 14
72 6 28
134 90 8
134 89 8
50 59 29
40 95 28
39 5 43
94 19 3
67 32 27
13 42 10
116 81 20
46 59 14
129 130 6
129 19 14
5 111 14
108 114 14
116 13 23
83 22 14
32 127 1
49 87 16
12 95 12
100 98 10
80 40 14
35 13 22
108 41 14
47 132 29
20 1 14
86 116 15
114 104 42
51 122 38
20 37 8
40 44 14
72 18 22
91 16 23
97 99 12
12 59 14
98 7 30
91 50 23
128 116 18
91 22 14
13 50 22
32 3 44
71 128 12
2 16 14
91 94 18
133 12 12
67 120 27
5 14 29
81 131 14
51 67 43
56 8 29
94 13 3
81 19 44
39 102 38
53 120 18
83 134 22
131 134 19
44 132 12
51 73 30
40 10 8
0 19 44
31 13 18
114 59 8
88 22 14
13 50 44
44 89 12
24 121 29
13 51 1
12 16 14
83 34 10
71 121 29
19 40 5
32 40 14
46 64 43
79 82 15
88 130 12
111 46 22
22 39 28
42 37 12
6 16 14
39 57 43
72 96 10
36 104 42
125 116 23
50 84 1
38 40 5
114 116 44
133 57 24
27 59 22
62 12 12
61 20 14
130 41 14
117 132 10
89 121 29
16 1 14
41 47 8
40 114 44
120 16 44
75 132 12
131 60 44
10 71 22
74 70 22
81 40 8
41 75 8
46 50 16
97 71 12
87 78 16
83 133 28
88 60 18
124 104 42
112 20 11
69 133 28
19 95 28
48 40 14
1 104 42
33 113 42
118 36 43
134 41 3
32 75 8
81 60 23
120 60 44
32 125 28
91 19 27
9 41 23
41 32 44
64 19 36
31 19 18
6 19 14
22 65 14
127 57 28
13 74 22
19 37 8
133 9 12
84 56 28
55 8 29
32 50 1
112 134 11
118 102 38
69 34 10
110 19 18
59 68 29
27 123 25
127 36 28
131 75 8
102 104 42
120 59 44
12 22 14
94 34 8
116 132 8
72 46 22
101 118 40
1 19 18
69 37 10
133 19 18
69 47 10
20 16 8
22 131 14
94 19 8
81 19 5
11 129 22
13 93 10
112 131 5
61 60 18
9 32 14
133 120 18
0 87 44
13 46 44
14 104 42
88 94 23
129 94 16
34 132 29
86 91 6
16 15 28
79 19 15
37 44 29
116 89 8
89 132 12
60 74 22
91 57 24
94 19 19
71 32 18
32 39 1
95 20 33
9 116 23
117 59 22
2 9 12
12 8 29
131 59 8
9 8 29
46 32 27
70 125 12
120 40 33
72 99 28
81 20 44
94 96 28
6 62 12
94 16 8
60 41 5
16 132 8
112 60 45
39 51 29
128 41 23
72 44 10
104 113 42
130 80 12
11 106 17
18 104 42
101 113 42
97 87 18
87 81 22
15 116 23
131 44 8
6 13 18
69 94 22
47 7 30
128 50 14
26 85 29
72 13 22
43 128 12
95 96 33
7 78 16
16 21 28
116 90 14
128 83 33
78 32 44
99 40 14
112 60 16
106 41 14
54 130 12
96 74 22
129 116 14
91 41 33
128 120 18
19 132 8
84 7 30
95 35 33
5 118 14
99 92 12
33 20 26
33 0 44
117 18 10
15 87 18
52 116 18
61 99 12
97 62 12
127 76 38
48 13 18
50 19 19
86 6 13
22 116 8
88 131 23
84 51 12
95 134 23
133 116 18
60 132 10
69 60 22
99 116 14
122 131 15
57 53 29
71 41 14
110 89 12
51 121 29
134 94 14
129 91 15
131 19 14
40 68 29
59 32 8
96 8 29
91 112 36
98 132 29
22 131 44
129 125 15
83 42 10
114 40 8
78 22 44
25 111 40
2 59 14
46 87 36
61 31 29
94 134 14
32 81 5
94 41 14
94 114 14
54 125 12
97 40 14
123 50 22
116 93 14
31 62 12
44 93 12
69 113 42
86 71 13
116 118 1
70 40 33
13 16 5
83 20 14
16 110 14
114 81 44
67 32 18
72 93 10
114 81 14
85 22 44
127 7 30
32 81 23
94 95 28
25 46 38
120 114 44
94 88 28
95 117 33
94 116 14
7 87 16
69 121 29
88 16 23
6 50 14
41 16 44
106 32 14
33 20 44
69 116 22
71 35 33
126 104 42
87 84 1
22 60 44
129 108 13
43 12 12
72 120 22
9 59 14
130 32 14
60 22 14
9 35 33
97 128 12
6 113 42
128 116 23
70 60 23
40 60 44
126 115 29
19 32 14
11 29 22
95 70 12
38 131 11
120 0 44
94 32 20
120 106 44
95 20 23
83 50 22
13 90 14
117 75 10
32 19 14
6 108 12
32 116 44
115 104 42
22 20 19
22 50 8
129 2 6
117 19 22
43 99 12
46 32 14
129 6 6
71 13 23
86 21 15
20 59 44
94 20 8
18 32 18
63 40 39
83 18 22
51 5 43
11 76 17
130 50 23
31 2 12
72 21 28
77 124 22
80 87 18
81 68 29
44 121 29
93 104 42
6 114 14
79 9 15
81 40 14
16 94 8
71 83 33
62 20 14
11 124 22
134 132 8
84 64 28
129 92 15
27 13 22
52 94 14
9 50 14
97 81 14
96 90 10
12 57 24
96 134 22
106 19 16
19 106 44
12 120 18
90 93 12
69 2 28
15 55 29
56 87 18
45 37 10
3 7 14
130 1 16
131 37 14
81 94 14
61 80 12
31 41 14
94 46 44
9 117 33
105 14 29
38 60 16
94 50 14
32 134 8
95 81 18
49 120 41
81 32 3
111 121 29
91 116 23
13 1 10
41 40 19
51 57 43
70 13 23
5 127 14
50 115 29
96 50 22
13 84 1
81 86 44
131 50 14
49 13 5
51 113 42
17 121 29
15 16 14
86 99 13
16 63 39
94 114 44
22 104 42
60 22 44
25 77 40
96 37 10
116 40 8
100 89 10
19 104 42
45 10 10
92 116 18
9 125 12
9 57 24
86 131 15
50 59 44
70 41 14
3 4 16
120 20 33
61 92 29
9 116 18
74 37 12
38 20 11
15 131 23
95 32 14
129 80 13
17 103 29
52 16 14
19 94 19
16 113 42
84 116 16
66 104 42
39 57 28
86 116 45
68 32 44
22 7 14
133 31 29
102 126 29
48 19 14
51 53 28
79 21 15
81 18 14
116 73 44
116 40 14
81 115 29
51 3 30
49 70 26
43 92 12
49 41 41
50 18 8
98 3 30
111 106 22
28 85 29
41 32 14
78 10 37
9 19 36
13 86 44
113 121 29
59 115 29
59 114 29
7 3 8
79 2 15
49 41 26
9 128 12
46 81 27
39 5 28
59 132 14
39 36 43
32 44 14
41 110 14
6 92 12
79 120 16
124 50 16
116 15 28
86 59 13
99 81 18
33 41 44
34 104 42
64 94 36
46 131 14
19 32 5
50 81 20
84 3 38
134 44 14
71 13 18
54 116 18
16 41 14
95 87 18
77 109 28
120 72 33
67 94 18
130 116 18
61 131 14
81 37 14
131 20 8
6 50 18
80 116 18
59 37 8
50 110 14
13 47 10
43 50 14
19 46 44
13 118 1
19 81 19
77 46 22
19 60 23
41 10 14
32 19 5
49 134 26
116 42 8
31 50 18
69 61 28
70 50 14
40 20 8
82 26 26
87 46 44
96 20 22
40 75 8
32 71 28
71 94 14
65 125 22
100 74 10
78 131 5
87 127 1
62 70 12
39 124 38
9 87 18
81 94 1
96 129 22
83 120 22
40 22 19
127 122 38
96 46 22
35 69 25
99 70 12
57 87 18
70 13 18
123 96 9
72 41 22
86 21 6
7 118 16
70 113 42
129 131 14
16 40 3
118 3 38
2 131 14
129 94 14
59 20 8
91 104 42
87 42 14
20 134 14
116 120 23
9 81 45
110 8 29
81 132 14
50 90 14
94 40 14
81 131 44
16 0 44
35 75 10
35 100 29
133 71 12
128 113 42
131 134 44
92 81 18
131 42 8
88 134 23
86 104 42
49 19 16
65 44 12
129 130 13
25 81 45
77 106 22
95 15 12
131 32 8
19 50 1
20 134 19
25 36 28
99 131 14
116 34 14
28 113 42
77 124 17
31 9 12
124 104 0
54 88 12
32 87 44
34 44 29
97 125 12
2 19 18
22 37 14
67 120 36
129 113 0
10 93 12
86 16 13
31 95 12
22 98 14
88 69 33
13 60 23
120 7 44
31 54 12
106 50 14
134 110 14
100 75 10
116 32 20
131 37 8
61 12 12
131 44 14
35 20 22
59 116 44
15 50 23
6 71 12
124 29 29
13 94 44
73 7 14
41 20 8
127 109 28
12 81 18
60 19 22
84 109 43
108 20 14
128 94 18
9 120 23
6 43 12
74 130 22
16 94 14
134 20 14
88 35 33
131 114 14
134 94 8
129 60 16
29 19 16
15 1 16
120 118 1
123 16 22
94 114 8
124 13 16
89 104 42
7 33 16
125 59 23
120 50 44
53 94 18
0 131 44
129 12 13
82 131 26
46 32 36
92 20 14
61 57 24
129 71 15
74 110 12
35 89 10
87 22 14
32 116 20
64 87 36
96 41 22
131 22 14
79 133 15
46 19 23
69 1 10
69 96 10
61 81 18
131 50 8
51 7 38
51 36 28
13 106 44
27 116 22
88 19 23
129 31 13
13 39 1
20 89 14
31 120 18
73 28 16
22 20 14
95 94 18
118 79 38
114 115 29
79 87 16
64 19 27
20 50 8
41 59 8
87 32 5
19 81 14
20 114 29
19 18 14
54 62 12
95 50 14
87 68 44
71 72 33
131 20 19
11 79 22
70 8 29
131 21 28
125 40 23
35 104 42
86 97 13
134 1 8
131 93 8
128 96 33
108 131 14
72 94 22
39 7 38
96 75 10
16 81 8
15 59 23
12 116 14
108 116 18
34 3 30
48 62 12
67 60 36
60 121 29
86 12 6
128 22 23
103 14 29
69 44 10
94 125 28
39 67 28
125 22 23
128 120 23
129 120 16
86 82 15
31 131 14
78 113 42
9 80 12
134 93 14
13 98 10
94 81 44
134 65 8
30 22 44
7 94 16
129 88 15
88 80 12
129 43 6
57 81 18
87 16 5
15 40 33
131 19 44
48 92 29
69 98 10
133 61 29
40 1 14
34 37 12
50 88 28
88 15 12
55 116 18
70 20 14
116 50 5
20 94 44
70 22 33
117 32 22
86 2 15
35 116 22
71 20 23
78 37 37
87 41 44
93 132 12
88 1 16
62 95 12
123 69 4
54 95 12
26 6 37
125 12 29
56 32 18
83 93 10
78 68 44
19 32 23
19 120 1
130 134 23
50 32 29
49 16 26
61 8 29
20 74 14
134 110 8
70 104 42
120 19 44
72 74 10
86 71 6
112 116 16
13 116 44
129 67 43
107 0 29
118 67 43
84 121 29
45 8 29
71 92 12
59 32 44
129 62 13
129 125 13
59 94 14
19 73 14
18 71 22
50 131 44
122 126 29
32 41 8
67 87 18
94 98 8
22 116 44
59 44 8
120 22 33
40 22 8
110 7 30
60 86 44
15 94 18
48 70 12
120 3 44
41 65 8
6 80 12
77 86 17
71 16 33
20 50 14
86 46 0
19 87 44
10 98 12
81 116 16
100 42 22
133 94 18
70 1 16
71 40 14
10 104 42
33 74 37
127 118 12
59 0 44
1 132 12
81 93 14
42 47 12
134 68 29
60 129 44
18 70 22
59 16 14
129 99 6
77 121 29
72 123 25
99 41 14
9 60 23
18 90 12
110 98 12
16 114 44
87 47 10
16 88 28
99 104 42
40 50 8
86 50 15
86 113 0
2 92 29
96 131 22
22 47 8
97 94 14
48 120 18
43 120 18
91 116 27
87 94 44
7 60 16
32 134 14
110 73 30
32 107 44
119 113 42
70 80 12
112 116 5
31 22 14
19 41 14
39 53 28
88 120 23
94 16 44
84 118 12
116 13 3
133 88 12
81 116 5
70 81 14
131 116 8
86 115 29
118 109 28
129 88 6
16 134 44
106 32 16
13 132 14
27 14 29
13 73 44
81 104 42
87 106 44
125 60 23
33 131 5
133 92 12
116 87 23
116 94 19
20 98 14
94 32 23
111 129 22
18 15 22
92 40 14
7 13 16
55 19 18
47 98 12
48 134 14
31 50 14
22 89 14
89 75 12
22 19 14
57 19 18
129 99 15
114 68 29
87 129 44
79 15 15
118 122 38
51 57 28
15 120 23
21 35 10
119 104 42
120 87 23
116 10 8
16 50 44
69 95 28
51 3 38
16 134 8
4 118 37
130 40 33
40 115 29
18 132 12
81 114 44
86 13 45
74 94 18
59 50 14
113 104 42
54 43 12
22 68 44
15 22 33
22 32 8
123 22 44
50 15 28
123 30 29
41 120 44
73 22 5
87 110 10
6 116 18
31 94 14
116 94 44
129 15 6
118 56 28
82 121 29
129 31 15
43 92 29
40 20 14
40 134 19
32 16 14
42 71 22
4 25 37
134 20 29
13 42 14
60 13 44
31 88 12
3 126 29
33 134 5
48 130 12
91 55 29
27 60 22
95 94 23
112 33 11
81 94 19
134 50 44
87 81 44
60 74 10
81 94 5
50 60 44
123 69 35
107 20 44
25 11 40
1 125 22
87 74 22
16 47 8
116 21 28
42 44 12
32 114 14
94 32 29
31 91 12
116 75 8
16 10 8
29 126 29
50 7 44
52 22 14
52 104 42
71 50 18
94 71 28
35 61 28
107 87 44
16 65 14
32 120 1
49 13 41
22 81 44
32 81 8
79 78 15
32 87 23
59 89 8
87 75 14
51 126 38
88 131 33
129 32 15
116 65 8
37 90 12
25 101 40
117 99 28
64 81 27
82 28 26
43 130 12
112 104 42
120 134 33
86 114 15
34 73 30
46 81 36
129 13 45
94 110 14
29 60 16
97 88 12
19 32 44
41 50 8
35 60 22
112 40 5
86 99 6
81 37 8
9 16 23
35 50 22
134 39 28
134 132 14
68 60 44
33 134 26
81 60 3
31 55 29
86 134 14
129 21 15
31 130 12
62 55 29
50 94 23
60 34 10
87 60 44
50 87 44
87 131 44
67 116 27
128 55 29
38 78 11
79 54 15
86 19 16
29 87 16
74 113 42
59 41 44
78 132 37
99 15 12
49 22 5
6 94 14
6 121 29
129 13 16
18 110 12
125 40 33
134 115 29
87 116 5
70 32 23
56 50 18
65 71 22
9 114 14
49 134 11
22 59 14
106 16 14
71 81 18
50 39 1
39 3 30
25 57 43
97 133 12
111 124 22
60 104 42
19 94 8
72 42 22
45 89 10
59 40 8
71 19 14
107 113 42
67 60 18
33 104 42
131 114 44
43 116 18
38 20 5
99 13 18
51 64 43
134 59 14
10 34 12
87 93 10
86 43 15
51 5 28
121 104 42
112 32 5
32 18 8
9 94 14
87 132 14
88 50 14
116 41 8
76 19 16
128 117 33
14 121 29
96 40 22
106 50 16
2 70 12
63 134 39
95 72 33
116 94 1
9 13 36
10 37 12
59 41 14
114 19 8
128 59 14
86 133 6
13 110 14
91 92 29
94 19 23
49 81 16
48 9 12
16 134 19
107 134 44
79 70 15
15 92 29
70 50 18
110 3 30
72 70 28
11 29 17
9 32 45
108 130 12
70 45 33
35 44 10
83 40 22
42 90 12
53 104 42
20 114 8
51 64 28
102 113 42
21 96 21
91 16 33
79 104 42
40 120 44
91 40 33
2 134 14
20 65 8
43 94 18
99 91 12
46 81 14
54 134 14
27 134 22
26 58 29
6 134 14
70 134 33
47 110 12
41 94 8
70 19 14
75 98 12
32 98 14
23 113 42
25 64 28
62 31 29
131 63 1
25 73 38
83 41 17
91 134 14
37 3 30
128 40 23
129 128 13
55 120 18
129 99 13
60 116 44
45 94 22
74 132 29
131 115 29
59 10 8
117 104 42
59 40 14
82 134 26
59 93 14
64 50 18
6 92 29
20 40 19
95 19 23
57 121 29
16 87 44
50 104 42
4 127 37
22 42 14
39 64 28
78 93 37
35 94 22
9 22 14
91 50 27
111 14 29
76 94 16
51 109 28
49 60 41
75 47 29
50 116 44
38 116 16
32 118 1
9 19 14
9 19 18
61 71 12
21 45 4
32 20 5
20 75 14
40 63 1
28 13 16
129 22 14
45 32 22
38 13 16
32 21 28
41 40 44
81 60 44
127 64 43
131 75 14
19 94 14
100 132 10
123 60 22
129 80 15
46 116 23
40 134 14
64 116 18
38 41 5
32 74 8
81 51 1
35 123 9
27 121 29
94 131 5
116 16 8
20 22 8
10 132 29
81 42 14
16 22 44
19 20 44
62 81 14
134 107 44
116 41 14
61 91 12
86 61 6
97 50 14
129 133 6
88 20 14
19 116 19
129 9 13
20 44 8
61 113 42
128 134 23
93 113 42
60 51 1
130 16 14
88 59 23
72 22 22
88 50 23
9 12 29
97 81 18
11 14 29
38 131 5
0 107 44
118 119 38
59 134 44
130 128 12
38 134 11
6 120 18
91 117 33
7 22 44
134 120 44
48 31 29
60 134 5
69 17 39
94 40 8
41 116 8
125 32 41
106 104 42
32 0 44
108 88 12
12 94 14
79 95 15
19 32 3
77 36 28
13 107 44
108 50 14
100 47 10
62 19 18
20 40 14
24 73 11
118 73 30
12 94 18
44 3 30
22 131 8
132 121 29
69 104 42
96 132 10
86 59 14
49 43 26
125 40 14
20 134 44
116 94 14
60 110 10
86 22 13
128 50 18
11 124 17
46 20 14
134 19 8
110 132 29
13 100 29
112 78 11
46 16 23
22 114 8
133 32 14
70 19 18
66 113 42
10 90 12
96 81 22
21 104 42
46 94 23
30 121 29
71 41 33
50 81 44
101 106 22
76 115 29
48 92 12
20 42 8
116 110 8
41 88 28
44 113 42
111 76 17
16 89 14
9 134 14
40 59 8
81 1 8
19 20 14
65 47 12
16 78 14
22 21 28
1 8 29
99 108 12
116 19 19
86 71 15
9 70 12
19 22 5
13 37 14
15 45 33
130 40 23
32 16 44
128 59 23
44 132 29
95 40 14
6 61 12
20 116 8
48 22 14
16 74 14
84 87 16
40 132 8
48 20 14
61 133 12
60 10 10
13 44 14
116 87 44
131 134 14
131 18 14
45 131 22
112 120 5
125 80 12
125 50 14
19 110 8
22 15 28
125 22 14
111 29 17
22 44 14
50 41 14
94 44 14
32 1 14
125 32 14
27 30 29
19 84 1
114 68 44
130 57 24
41 33 14
98 93 12
78 90 37
49 86 44
50 134 44
81 131 8
86 113 42
73 113 16
130 13 23
81 42 8
40 89 14
81 98 14
60 39 1
70 134 14
117 100 29
74 18 12
122 125 15
126 113 42
131 74 8
59 40 44
72 20 14
129 31 6
108 19 18
107 0 44
69 22 22
52 116 14
131 74 14
81 87 3
54 2 12
90 47 29
48 32 14
7 4 16
13 134 14
29 116 16
94 20 14
116 22 14
35 42 10
125 120 18
53 32 18
116 32 8
127 53 43
86 20 14
112 81 5
123 117 39
95 13 23
91 87 23
13 8 29
112 38 3
32 131 8
9 131 14
41 68 44
91 71 12
60 47 14
67 120 18
96 72 4
66 85 29
32 130 28
25 36 43
19 134 8
41 125 28
52 94 18
60 93 14
116 59 29
125 55 29
133 15 12
94 131 14
32 20 44
88 40 33
49 12 26
45 113 42
97 19 18
32 88 28
2 81 18
41 20 14
19 87 23
58 104 42
10 74 12
128 114 14
58 22 44
52 32 18
130 81 23
87 40 44
108 16 14
40 75 14
72 50 22
134 22 14
95 60 23
89 98 12
39 36 28
125 50 18
87 60 3
76 29 29
64 113 42
96 99 28
125 94 41
49 95 26
84 113 42
34 75 12
94 42 14
66 83 37
35 133 28
122 32 15
50 116 16
97 16 14
16 44 8
114 131 8
96 94 22
108 19 14
32 25 1
134 10 14
87 22 5
52 20 14
86 78 15
129 114 15
40 131 8
69 100 29
95 92 29
15 35 33
95 45 33
87 134 44
80 50 14
49 38 3
91 70 12
129 19 15
43 116 14
94 120 23
92 81 14
29 104 0
97 13 18
53 121 29
87 50 44
96 121 29
130 131 14
37 121 29
22 71 28
72 110 10
130 41 23
31 87 18
48 94 14
55 57 24
31 32 18
19 16 5
52 113 42
65 42 12
19 40 14
134 41 8
112 94 11
99 71 12
62 130 12
22 94 44
15 131 33
15 130 12
69 74 22
49 125 26
60 32 5
78 134 26
133 13 18
17 22 44
36 121 29
87 74 14
41 131 3
88 13 23
131 90 8
16 104 42
79 88 15
86 80 13
118 113 42
64 32 18
94 19 16
49 19 11
92 19 18
102 94 16
50 94 1
25 118 36
64 81 18
112 50 45
99 19 18
83 90 10
78 42 37
134 131 19
125 104 42
86 61 13
67 53 29
60 75 10
50 51 1
64 94 18
11 76 22
41 131 8
77 79 17
54 19 18
35 34 10
125 32 23
120 50 23
110 113 42
15 94 23
78 34 37
22 41 14
74 116 18
120 84 1
59 22 8
94 60 44
92 121 29
13 114 44
41 1 14
9 55 29
60 34 14
130 92 29
33 10 37
20 131 14
0 59 44
107 50 44
127 5 43
78 98 37
45 134 22
112 19 11
78 74 37
131 15 28
16 40 44
112 16 11
84 36 28
12 130 12
83 19 22
33 1 37
50 19 14
2 113 42
40 42 14
59 114 8
13 59 5
128 8 29
54 19 14
32 113 42
16 32 44
41 134 44
50 98 14
48 104 42
91 113 42
86 19 14
102 19 16
129 134 15
46 94 36
9 50 18
32 115 29
2 120 18
81 59 29
50 94 14
32 81 44
43 13 18
130 87 23
110 93 12
31 6 12
60 131 44
40 16 8
19 60 3
31 116 18
118 73 38
72 60 22
42 34 12
40 41 3
49 104 42
19 32 29
94 90 14
49 2 26
31 92 12
60 46 44
46 56 43
83 131 22
44 75 12
129 62 6
24 119 11
59 131 44
96 17 39
91 19 36
117 16 22
32 34 8
3 22 14
134 37 8
37 132 29
114 41 44
86 81 16
94 86 44
88 104 42
40 32 44
117 121 29
97 113 42
105 104 42
67 113 42
38 32 16
41 113 42
41 34 8
13 59 44
110 104 42
120 41 44
112 131 11
116 98 14
25 67 28
59 60 44
24 124 11
19 32 19
6 20 14
2 20 14
33 78 20
52 81 14
31 80 12
127 7 38
59 132 8
6 9 12
20 75 8
102 60 16
43 131 14
19 89 8
49 32 41
18 95 22
21 57 24
99 88 12
117 97 28
16 20 44
25 109 28
19 40 44
12 128 12
66 22 44
59 114 14
13 74 14
32 81 14
25 67 43
22 134 14
16 65 8
59 41 8
79 46 0
50 20 44
12 81 14
52 60 18
19 81 44
50 116 20
49 19 5
129 12 6
32 114 29
32 22 8
26 104 42
13 40 44
50 94 19
117 42 10
32 51 1
83 117 29
112 87 16
49 94 11
7 22 5
134 41 19
94 75 8
19 50 16
46 52 43
49 33 11
94 115 29
98 73 30
9 13 23
87 13 23
12 41 14
7 84 16
40 87 44
120 131 33
70 94 18
37 104 42
32 68 44
46 104 42
86 133 15
95 121 29
86 41 15
19 44 8
41 107 44
45 59 22
50 32 19
40 32 8
40 41 19
70 92 29
7 25 16
28 32 16
81 15 28
131 68 44
81 50 44
96 1 10
131 89 8
12 71 12
25 122 38
24 104 42
127 46 38
59 34 8
128 69 33
48 81 14
129 9 43
60 110 14
92 32 14
23 85 29
131 113 42
13 81 44
53 8 29
133 108 12
52 50 14
49 130 26
83 59 22
82 66 26
124 19 16
130 45 33
128 81 23
125 1 16
9 88 12
120 20 44
128 13 18
99 8 29
94 70 28
91 130 12
71 94 23
6 15 12
81 75 8
67 121 29
69 87 22
133 114 14
32 13 23
100 1 22
19 96 28
60 127 1
22 120 44
40 110 14
81 33 16
24 129 11
125 16 23
50 81 14
25 109 43
19 94 44
40 104 42
74 98 12
82 41 26
1 44 12
32 34 14
84 14 29
86 95 15
123 13 22
34 7 30
122 114 15
133 50 18
112 19 5
83 21 2
11 5 28
40 130 28
28 94 16
78 20 26
25 39 12
46 9 43
45 65 10
86 60 45
109 104 42
119 46 0
19 13 44
92 94 14
81 46 44
119 115 29
20 104 42
32 41 14
123 96 2
98 47 29
35 43 28
32 59 29
128 20 23
95 22 23
86 61 15
50 73 44
23 14 29
123 41 22
27 117 39
60 41 44
32 87 3
64 32 36
71 32 23
86 94 15
59 110 8
48 87 18
108 71 12
86 114 13
118 51 12
32 116 5
86 99 15
43 16 14
22 114 44
127 73 38
91 35 33
124 120 16
19 51 1
22 87 44
50 127 1
114 20 14
68 16 44
87 42 10
96 110 10
87 131 14
72 1 10
64 50 27
125 72 33
50 75 14
83 41 22
94 60 3
12 88 12
6 130 12
13 18 10
19 129 44
73 22 14
116 104 42
129 133 13
105 121 29
32 73 44
92 57 24
81 120 44
59 19 14
35 18 10
50 89 8
65 18 12
133 32 18
61 70 12
117 44 10
86 48 6
91 32 14
19 94 5
94 104 42
60 1 10
117 65 10
43 40 14
50 16 14
88 59 14
45 47 10
71 20 33
129 97 13
62 59 14
125 13 23
120 32 44
29 115 29
70 72 33
79 40 15
70 32 14
106 116 16
20 44 14
82 46 39
97 32 18
32 131 44
77 113 42
13 121 29
101 124 22
34 98 12
20 13 44
12 131 14
74 93 12
42 130 22
5 113 42
20 34 14
49 40 26
62 8 29
125 57 24
49 81 11
40 16 14
3 33 16
86 40 13
70 134 23
32 50 14
81 47 14
86 50 45
13 41 14
123 72 22
131 132 14
123 46 22
86 94 16
22 115 29
43 80 12
114 22 8
132 113 42
12 15 12
81 47 8
118 76 38
52 120 18
71 19 18
45 110 10
122 94 15
70 22 23
25 104 7
16 81 44
33 114 44
78 22 26
89 73 30
35 27 22
39 129 38
111 109 28
131 71 28
19 16 8
81 116 3
53 60 18
35 71 28
21 97 31
61 19 18
134 116 8
72 95 28
131 104 42
39 113 42
95 22 14
56 81 18
50 116 19
35 88 28
16 1 8
87 22 44
19 22 14
20 41 19
48 80 12
9 41 14
67 112 36
114 16 8
10 70 22
46 60 36
68 87 44
65 110 12
83 37 10
87 37 10
72 21 2
79 125 15
94 50 23
50 40 44
16 94 44
128 20 14
116 34 8
127 29 38
76 120 16
12 19 14
21 19 18
117 21 28
60 116 5
32 93 14
88 40 14
94 50 3
18 81 18
38 19 16
47 121 29
50 65 8
81 90 14
38 94 11
15 22 23
88 32 23
2 116 14
134 37 14
95 87 23
120 131 44
122 116 16
94 116 20
35 120 22
16 37 8
79 31 15
23 58 29
83 81 22
5 101 14
106 134 14
38 60 5
70 41 33
97 43 12
80 32 18
79 63 15
13 16 14
81 25 1
73 19 5
89 90 12
13 132 10
50 47 8
91 19 14
59 90 14
89 44 29
99 94 18
81 7 44
100 90 10
49 22 26
94 1 8
84 73 30
40 59 44
91 72 33
88 113 42
55 60 18
134 40 8
131 87 44
87 10 10
19 114 8
81 32 14
19 114 44
94 87 3
13 113 42
134 87 44
79 22 14
50 93 14
134 94 44
116 132 14
118 7 30
125 96 33
91 80 12
100 93 10
71 134 33
50 93 8
39 7 30
41 90 8
22 81 8
108 113 42
74 8 29
123 87 22
83 100 29
116 33 16
130 16 33
70 117 33
74 71 22
39 118 12
114 134 8
74 44 12
128 19 14
21 50 18
32 16 5
7 19 16
50 16 8
118 109 43
94 1 14
62 92 29
42 89 12
123 94 22
97 60 18
129 97 15
49 38 29
84 57 28
120 33 16
0 50 44
100 44 10
116 74 14
50 59 8
106 94 14
97 55 29
83 2 28
75 104 42
83 1 10
54 20 14
25 113 7
99 62 12
32 60 23
3 104 42
64 19 18
56 113 42
88 22 33
1 98 12
87 113 42
9 32 27
72 15 28
93 132 29
127 104 42
62 50 14
19 131 14
69 20 22
10 44 12
13 40 14
96 60 22
109 121 29
112 81 11
77 76 22
15 32 18
38 13 5
133 81 18
124 115 29
89 8 29
116 71 28
94 19 14
20 16 14
42 81 18
76 81 16
133 8 29
88 8 29
54 104 42
77 29 22
15 13 18
83 130 28
15 104 42
112 38 29
86 43 13
116 50 20
81 65 14
46 19 14
52 134 14
71 40 23
1 113 42
22 7 44
116 70 28
35 113 42
22 19 8
1 71 22
19 87 3
87 41 14
16 44 14
32 1 8
134 20 8
41 50 14
12 114 14
16 114 14
81 125 28
116 90 8
91 96 33
133 121 29
22 20 44
95 16 23
81 89 14
97 130 12
16 74 8
42 19 18
39 119 38
86 88 15
41 13 44
95 57 24
60 20 14
129 133 15
94 116 19
22 32 14
94 81 19
111 79 22
118 14 29
32 19 23
16 89 8
19 7 44
122 12 15
2 71 12
129 134 14
62 128 12
13 131 14
94 50 44
32 132 8
55 87 18
68 116 44
87 90 14
72 43 28
116 22 5
125 8 29
83 47 10
110 132 12
130 94 14
122 88 15
7 116 16
134 93 8
41 131 44
0 94 44
16 18 8
46 87 16
117 15 28
81 44 8
132 104 42
43 95 12
81 13 3
84 50 16
101 46 17
116 94 5
114 32 14
94 40 5
3 127 16
38 81 16
68 81 44
78 16 44
32 40 8
22 40 14
80 8 29
72 19 22
134 21 28
71 19 23
49 131 41
48 59 14
92 8 29
16 40 19
47 73 30
81 39 1
116 75 14
38 22 11
13 87 23
41 81 8
72 54 28
114 116 14
71 104 42
33 37 37
37 98 12
59 120 44
108 32 14
9 81 36
22 16 14
134 34 8
1 116 18
32 22 5
124 60 16
22 41 44
49 60 5
57 104 42
125 131 14
2 50 18
35 70 28
41 20 19
41 22 44
131 22 44
94 39 1
9 60 36
50 125 28
94 127 1
22 37 8
41 132 8
19 41 44
111 79 17
128 92 29
15 134 33
118 57 28
131 98 8
76 50 16
81 32 44
125 20 14
5 51 14
129 19 16
40 34 14
20 113 42
87 75 10
2 62 12
127 67 43
41 44 8
49 87 5
62 16 14
100 18 10
111 86 17
33 34 37
70 41 23
94 37 8
104 121 29
40 19 44
116 44 14
122 21 15
95 59 23
13 60 44
20 18 14
41 59 29
70 120 18
75 121 29
16 107 44
86 54 6
39 53 43
67 8 29
60 98 10
52 41 14
76 60 16
99 92 29
94 81 8
76 116 16
2 60 18
91 60 36
86 63 15
101 86 22
125 134 33
134 50 8
17 117 39
62 91 12
79 32 15
128 35 33
40 41 14
19 120 5
22 63 1
1 110 12
22 132 14
91 131 23
49 88 26
131 59 44
134 40 19
59 20 44
118 86 38
116 60 23
97 50 18
41 104 42
78 40 44
12 134 14
116 40 5
53 116 18
47 75 12
125 60 18
15 32 14
32 68 29
22 20 8
86 15 15
71 60 18
50 32 8
120 60 23
94 50 8
81 95 28
86 92 6
20 115 29
60 50 44
122 116 15
133 95 12
134 18 14
19 50 8
71 94 18
134 16 19
99 50 14
91 15 12
74 121 29
131 16 19
34 113 42
9 94 45
134 32 8
18 47 12
7 127 16
128 92 12
82 16 26
129 57 43
84 39 12
39 56 43
78 65 37
64 8 29
25 3 30
122 97 15
72 88 28
21 120 18
97 59 14
117 40 22
16 50 14
128 40 14
61 95 12
118 36 28
134 116 44
50 1 8
51 104 42
52 19 14
19 40 8
134 81 8
39 109 28
19 130 28
16 60 44
22 41 8
50 116 3
61 81 14
129 116 16
122 61 15
71 16 14
113 104 29
94 89 14
125 16 33
71 120 23
31 94 18
87 13 44
60 107 44
83 6 28
60 8 29
25 14 29
86 116 14
41 19 8
88 81 18
32 134 5
25 3 38
62 19 14
21 8 29
52 40 14
94 116 5
78 134 5
22 93 8
2 121 29
32 7 44
59 81 44
81 50 5
45 90 10
51 86 38
76 13 16
114 50 8
40 93 14
97 2 12
94 106 44
99 16 14
80 55 29
83 131 14
118 53 43
57 32 18
134 20 19
130 117 33
74 32 18
99 57 24
130 114 14
83 69 10
106 94 16
69 40 22
94 132 14
87 50 5
129 16 14
43 20 14
20 47 14
52 57 24
51 67 28
49 21 26
90 44 29
91 41 14
56 104 42
31 133 12
96 93 10
76 113 0
120 51 1
29 32 16
38 59 11
108 94 14
64 120 27
125 32 18
116 50 8
59 125 28
70 81 23
33 18 37
22 89 8
87 18 14
40 81 44
9 69 33
101 29 17
107 59 44
102 81 16
41 131 14
72 81 22
20 95 28
41 63 1
42 125 22
114 22 14
84 109 28
22 94 8
84 53 43
130 20 33
91 19 18
10 1 12
123 19 22
83 87 22
50 37 8
129 53 43
123 32 22
80 113 42
112 134 5
118 5 43
43 50 18
101 124 17
130 22 23
62 41 14
70 128 12
32 41 5
101 36 28
16 22 14
41 74 8
88 20 33
22 10 14
3 39 16
134 59 44
134 16 14
15 69 33
49 113 42
68 115 29
103 104 42
118 121 29
131 65 14
88 125 12
116 120 1
84 57 43
38 22 5
49 120 5
71 130 12
86 134 13
22 113 42
6 8 29
87 44 14
21 99 31
106 113 0
19 74 14
47 44 12
86 31 15
19 37 14
62 125 12
61 130 12
86 120 45
62 94 18
22 132 8
94 25 1
131 114 29
16 19 44
27 17 39
124 113 42
53 87 18
116 32 3
60 42 22
94 32 19
54 9 12
130 113 42
80 81 14
0 16 44
117 131 22
15 125 12
91 120 18
97 8 29
40 114 8
79 131 15
129 70 15
99 125 12
127 129 38
86 87 16
129 88 13
32 78 16
117 88 28
86 130 6
43 61 12
101 76 22
125 134 14
118 46 38
6 19 18
54 128 12
50 94 5
1 121 29
95 22 33
94 47 8
57 113 42
40 131 19
87 89 14
49 32 11
40 1 8
91 50 18
61 125 12
71 134 14
60 50 5
129 29 29
72 16 14
130 16 23
130 116 14
45 41 22
65 88 22
95 134 33
83 132 10
72 47 10
16 68 29
50 40 5
19 115 29
111 124 17
92 116 14
116 114 44
106 87 16
95 120 18
51 46 38
96 16 22
72 71 28
96 21 4
108 120 18
18 94 18
94 93 14
92 50 18
94 16 5
22 20 3
40 50 44
123 14 29
81 59 8
67 81 36
16 131 8
60 13 23
54 131 14
94 19 5
96 15 28
110 90 12
129 125 6
49 99 26
19 65 14
91 50 45
70 20 33
128 131 33
134 44 8
50 20 5
3 51 16
35 129 22
118 53 28
45 121 29
81 13 23
116 22 8
21 60 18
84 81 16
20 98 8
13 78 16
32 40 44
50 120 44
22 3 44
86 31 13
50 41 5
67 81 27
131 116 44
60 131 14
83 32 22
20 74 8
85 121 29
32 98 8
74 50 18
94 10 8
54 113 42
69 13 22
125 116 41
46 50 36
129 59 15
86 134 15
44 104 42
15 40 23
96 69 4
83 125 28
31 70 12
19 81 5
24 86 11
31 92 29
116 74 8
116 19 20
80 94 18
133 20 14
32 50 8
96 74 10
25 32 45
117 74 10
50 90 8
127 106 38
38 121 29
88 32 18
43 104 42
134 81 14
87 40 5
112 81 45
80 92 29
87 100 29
69 93 10
91 81 23
40 22 14
12 92 29
25 94 45
81 134 5
95 59 14
25 73 30
6 60 18
125 92 12
50 68 29
0 104 42
29 113 42
32 81 20
116 65 14
21 81 18
81 40 44
41 50 44
95 40 33
42 113 42
128 134 33
49 94 41
81 84 1
94 40 44
116 7 44
12 32 18
35 1 10
45 21 2
60 93 10
81 32 5
73 33 16
27 41 22
35 123 22
91 87 18
110 44 12
106 40 14
15 8 29
59 32 14
31 60 18
96 125 28
84 64 43
94 116 23
44 73 30
9 19 23
62 32 18
71 32 14
41 78 14
117 125 28
61 114 14
116 134 14
42 98 12
59 114 44
128 16 14
21 87 18
40 68 44
123 21 2
97 12 12
125 20 33
35 93 10
134 89 14
62 113 42
19 3 44
120 117 33
60 87 23
88 116 14
116 16 14
118 106 38
38 40 11
60 59 44
20 21 28
31 48 12
40 44 8
72 20 22
20 19 44
71 1 16
129 62 15
86 133 13
43 70 12
112 32 45
79 128 15
129 108 6
88 57 24
70 116 18
116 120 3
116 68 44
35 125 28
112 50 5
22 75 8
22 41 3
62 114 14
59 93 8
77 129 17
57 8 29
13 50 5
44 37 12
131 72 28
4 121 29
78 33 29
15 57 24
5 77 14
50 120 23
125 113 42
83 74 22
120 113 42
35 97 28
10 113 42
5 39 14
94 89 8
62 15 12
83 110 10
19 50 19
120 32 23
114 59 44
108 116 14
32 120 44
40 132 14
81 118 1
88 87 23
127 67 28
31 40 14
131 59 29
25 56 43
46 50 23
61 134 14
59 42 8
46 67 43
32 15 28
88 121 29
91 128 12
2 40 14
60 132 14
50 131 14
118 3 30
70 16 23
46 29 29
114 134 44
129 116 15
129 50 15
17 113 42
41 131 19
51 102 38
46 60 16
15 19 23
13 116 5
133 131 14
21 55 29
54 81 14
106 115 29
128 19 18
134 127 28
60 37 14
60 37 10
69 1 22
96 13 22
39 3 38
17 14 29
122 54 15
123 81 22
94 44 8
40 16 19
46 50 14
0 13 44
41 1 8
107 41 44
51 29 38
49 32 16
50 32 44
0 40 44
112 94 16
122 82 15
116 47 8
13 44 10
94 130 28
41 114 8
22 130 28
54 57 24
19 120 44
134 42 8
79 71 15
107 81 44
20 40 44
40 34 8
34 8 29
88 131 14
69 134 22
78 50 44
134 95 28
9 13 18
87 65 10
87 134 5
59 75 14
78 19 44
9 40 23
62 116 18
33 22 44
134 114 44
116 47 14
15 80 12
134 60 44
49 20 41
67 104 42
32 94 20
35 18 22
37 73 30
50 78 16
49 80 26
129 91 6
123 134 22
46 134 14
20 70 28
80 134 14
40 113 42
43 60 18
22 114 29
101 29 22
81 71 28
81 94 23
129 41 14
74 75 12
32 94 14
22 32 44
91 131 33
61 50 14
116 120 44
40 90 8
96 120 22
79 113 42
61 41 14
65 130 22
39 29 38
11 111 29
116 113 42
77 46 17
70 83 33
15 16 23
74 132 12
73 126 29
15 72 33
94 113 42
120 45 33
69 21 2
63 113 42
108 80 12
77 122 17
35 96 25
79 97 15
41 16 14
41 116 14
38 50 11
133 128 12
81 16 8
16 110 8
11 104 42
96 6 28
94 42 8
20 94 14
129 61 6
129 40 14
120 94 44
91 94 23
112 22 11
128 81 18
70 94 23
128 121 29
86 32 45
9 20 23
79 113 0
46 41 23
81 129 44
86 29 29
9 16 33
71 8 29
35 98 10
71 113 42
131 40 14
19 1 14
56 53 29
116 60 44
21 54 31
134 16 8
42 116 18
70 32 18
50 33 16
71 125 12
70 16 33
95 32 23
131 120 44
41 34 14
13 134 44
16 115 29
59 50 8
133 125 12
25 113 42
13 19 44
130 87 18
9 22 23
92 87 18
82 85 26
78 120 44
79 94 16
33 44 37
130 96 33
47 89 12
77 5 28
20 120 44
122 120 16
91 59 23
15 113 42
9 134 23
62 134 14
15 20 33
13 110 10
50 22 8
129 92 13
71 12 29
133 59 14
96 43 28
71 80 12
114 22 44
125 83 33
9 96 33
75 93 12
27 113 42
94 84 1
15 19 14
88 134 14
50 37 14
49 16 11
40 37 8
103 30 29
81 19 20
87 40 14
96 89 10
20 19 8
74 81 18
60 118 1
86 54 13
19 116 23
94 116 32
28 116 16
35 96 9
128 41 33
68 20 44
112 94 5
78 89 37
59 107 44
13 42 22
2 116 18
24 122 11
77 106 17
6 81 14
131 32 44
64 67 29
134 113 42
13 19 5
108 134 14
15 116 18
2 31 29
10 15 22
94 74 14
49 131 26
116 20 8
7 73 14
48 95 12
67 94 27
39 126 38
15 128 12
32 114 44
96 32 22
32 59 8
13 81 22
5 25 14
81 32 16
60 87 44
108 121 29
94 114 29
33 16 26
33 59 44
48 125 12
27 87 22
129 59 14
39 121 29
70 121 29
43 19 14
94 116 16
131 94 8
120 35 33
42 70 22
32 120 5
40 33 14
80 19 14
87 41 5
17 30 29
59 95 28
60 42 14
116 19 8
43 8 29
9 20 14
26 14 29
20 60 44
16 116 8
133 48 12
82 104 42
86 120 16
79 19 16
15 81 14
49 62 26
9 131 33
20 78 14
86 2 13
95 131 33
116 110 14
13 94 5
28 50 16
123 121 29
114 131 44
59 104 42
112 120 45
1 95 22
59 70 28
122 81 16
5 104 42
88 92 12
116 81 44
122 48 15
33 19 44
18 125 22
35 21 2
54 120 18
50 120 5
96 65 10
86 19 13
65 75 12
49 59 41
86 32 13
31 81 18
45 22 22
62 94 14
134 19 14
67 50 18
50 114 8
9 91 12
48 131 14
122 43 15
1 75 12
87 19 22
80 59 14
54 31 29
60 19 5
35 121 29
74 47 12
10 130 22
127 121 29
129 54 13
114 19 14
62 116 14
43 88 12
46 116 36
79 92 15
50 1 14
134 22 8
117 98 10
108 87 18
2 50 14
94 131 44
83 74 10
104 14 29
13 7 44
60 116 22
133 41 14
15 13 23
79 59 15
40 47 14
19 116 8
11 122 22
89 113 42
120 22 44
131 22 8
67 94 36
68 41 44
60 131 5
86 80 6
131 42 14
128 131 23
83 94 22
123 129 22
79 104 0
106 126 29
24 14 29
20 40 8
131 47 8
134 131 3
72 40 14
90 132 29
83 99 28
32 90 14
20 47 8
116 81 5
45 75 10
44 34 12
50 21 28
123 116 22
16 81 14
2 55 29
9 94 23
86 41 14
122 15 15
86 125 13
59 19 8
87 20 14
107 16 44
112 41 5
81 32 23
6 116 14
60 32 22
16 41 8
131 34 14
125 41 23
7 32 16
48 50 14
49 6 26
91 94 14
32 44 8
81 73 44
110 34 12
60 18 14
72 10 10
86 15 13
96 44 10
78 40 26
125 117 33
59 131 8
29 120 16
91 94 36
33 121 29
22 90 14
79 32 16
74 89 12
7 81 16
130 8 29
21 6 31
73 104 42
75 8 29
68 40 44
59 34 14
22 94 14
72 22 14
31 19 14
81 116 14
129 95 13
58 121 29
19 88 28
63 30 29
79 122 29
16 47 14
84 36 43
31 99 12
131 65 8
50 40 8
13 22 44
1 81 18
130 59 23
57 50 18
77 104 42
87 74 10
87 32 44
53 13 18
46 116 14
79 22 15
32 42 14
1 74 12
54 8 29
134 18 8
81 22 5
131 20 44
131 50 44
60 78 16
42 93 12
122 70 15
35 134 22
41 71 28
59 116 14
117 8 29
14 113 42
16 41 19
64 81 36
124 87 16
88 13 18
61 120 18
2 32 14
117 70 28
86 128 15
94 32 44
131 134 8
33 68 44
63 22 44
83 70 28
84 19 16
61 40 14
63 14 29
99 116 18
60 90 14
130 83 33
94 116 44
108 128 12
2 99 12
131 125 28
70 114 14
129 54 6
94 41 44
125 81 14
91 32 36
81 78 16
49 59 11
129 22 15
131 90 14
83 41 14
33 20 5
88 114 14
129 16 15
114 40 44
20 134 8
81 89 8
19 50 23
27 129 22
35 32 22
25 29 38
16 114 8
50 95 28
19 50 3
130 134 14
65 15 22
71 59 23
69 50 22
38 113 42
96 123 22
83 113 42
131 40 19
13 32 44
35 1 22
54 13 18
61 32 18
129 33 15
122 40 15
67 50 36
123 35 2
99 120 18
128 116 14
32 10 14
69 120 22
90 113 42
94 7 44
19 131 8
33 93 37
40 65 8
49 61 26
47 93 12
2 87 18
86 97 15
3 73 29
129 131 15
130 116 23
69 88 28
81 120 23
73 3 14
48 8 29
65 10 29
49 59 5
60 65 10
114 94 8
85 104 42
27 16 22
13 41 5
16 10 14
87 39 1
39 106 38
18 8 29
48 55 29
95 104 42
50 81 5
71 120 18
1 47 12
72 37 10
71 50 14
2 114 14
134 81 44
116 42 14
122 81 15
3 115 29
25 126 38
42 95 22
68 104 42
61 54 29
81 16 44
65 89 12
111 46 17
45 96 34
108 70 12
87 86 44
114 13 44
13 16 44
87 50 22
63 16 39
130 94 18
81 90 8
68 0 44
86 70 15
94 60 23
69 99 28
128 32 23
13 34 10
129 6 13
71 116 14
15 32 23
89 34 12
45 16 22
86 12 15
116 134 5
96 19 22
16 34 8
47 8 29
27 22 22
120 127 1
54 48 12
20 41 44
6 54 29
134 131 8
32 86 44
35 46 22
55 121 29
107 131 44
64 50 36
40 74 8
39 64 43
40 98 8
67 19 27
49 116 11
52 19 18
72 89 10
107 60 44
6 125 12
116 19 44
95 1 16
81 0 44
60 100 29
87 44 10
25 51 12
3 22 44
120 115 29
94 33 16
128 134 14
134 90 14
59 75 8
50 59 14
83 95 28
68 59 44
12 70 12
26 113 42
114 134 14
57 94 18
111 5 28
49 134 41
87 51 1
99 60 18
40 107 44
16 63 1
18 19 18
41 81 14
127 109 43
4 104 42
52 8 29
134 75 14
19 50 5
108 32 18
103 22 44
112 20 5
73 118 16
71 22 33
22 134 20
108 40 14
22 68 29
129 116 45
99 128 12
51 129 38
3 73 14
60 74 14
114 107 44
2 19 14
79 29 29
27 35 25
50 44 8
20 110 14
69 71 28
95 131 14
87 118 1
129 95 15
46 91 43
129 81 15
108 94 18
93 121 29
91 32 45
79 20 15
112 50 11
40 37 14
9 45 33
79 50 16
9 94 18
64 116 36
94 32 16
50 41 44
9 15 12
87 20 5
131 130 28
80 94 14
50 40 14
49 91 26
62 131 14
41 18 14
120 134 44
80 41 14
134 131 44
94 22 8
122 71 15
129 82 15
42 104 42
32 13 3
87 8 29
24 46 11
82 30 29
60 40 14
117 60 22
125 19 18
131 93 14
40 110 8
101 129 22
100 37 10
134 63 39
71 92 29
94 110 8
43 59 14
42 132 29
40 18 14
107 114 44
94 51 1
81 106 44
60 94 44
6 133 12
81 10 14
11 121 29
67 87 36
15 134 14
50 42 8
122 95 15
116 32 23
32 75 14
116 1 14
41 42 14
112 32 11
87 110 14
50 94 44
63 121 29
83 54 28
83 8 29
96 87 22
84 129 38
40 13 44
78 81 44
112 60 5
124 126 29
9 72 33
41 20 29
88 12 29
75 113 42
54 61 12
20 131 44
16 116 14
118 64 43
62 121 29
134 114 8
94 132 8
59 47 14
77 129 22
16 59 29
19 21 28
19 81 23
86 6 15
73 115 29
70 87 23
106 116 14
42 15 22
54 32 14
72 100 29
51 106 38
86 125 6
50 46 44
73 4 16
79 80 15
81 114 29
13 33 16
18 116 18
112 81 16
54 71 12
99 87 18
81 22 14
69 8 29
9 50 23
2 94 14
81 132 8
80 32 14
16 59 14
45 18 22
84 106 38
72 61 28
95 116 23
2 94 18
129 118 14
94 93 8
19 13 23
59 88 28
19 131 44
86 50 16
75 7 30
129 104 0
15 94 14
13 37 10
70 131 33
59 21 28
20 34 8
80 12 29
62 104 42
69 131 22
62 22 14
87 34 14
43 54 29
50 86 44
12 87 18
88 128 12
43 55 29
19 81 3
97 131 14
130 120 23
96 34 10
60 1 14
33 131 26
134 131 14
95 41 33
131 32 14
106 131 14
34 121 29
83 65 10
0 113 42
43 94 14
86 94 14
35 87 22
131 81 44
112 87 45
97 92 29
69 89 10
49 97 26
20 68 29
125 41 14
20 65 14
83 40 14
4 51 37
94 59 29
81 110 14
90 104 42
83 131 17
32 95 28
81 41 14
9 104 42
2 91 12
31 20 14
50 132 8
130 12 29
21 32 18
9 71 12
64 53 29
96 42 10
1 90 12
116 32 19
71 55 29
59 71 28
65 104 42
94 78 16
127 86 38
47 34 12
24 3 11
33 81 44
122 56 43
134 125 28
116 19 14
49 129 44
7 39 16
49 133 26
90 3 30
124 81 16
22 59 29
61 94 18
50 34 14
13 19 22
50 71 28
95 55 29
131 41 19
97 32 14
22 59 8
2 92 12
24 79 11
22 90 8
11 46 17
84 32 16
86 81 14
33 89 37
22 114 14
131 68 29
5 11 14
20 32 8
28 22 44
23 121 29
25 53 28
120 81 44
41 98 8
81 19 14
76 113 42
73 104 16
32 22 44
25 50 45
116 120 5
16 134 1
99 59 14
28 104 42
48 108 12
133 134 14
86 40 14
122 113 42
31 97 12
45 100 29
129 20 15
100 34 10
59 16 8
87 59 44
39 127 12
80 121 29
123 85 29
19 134 14
54 6 12
96 61 28
94 10 14
70 50 23
42 50 18
130 81 14
106 59 14
6 87 18
86 70 13
87 98 14
68 131 44
51 124 38
32 37 14
84 126 38
72 90 10
15 117 33
122 78 15
52 87 18
20 90 8
69 117 29
37 8 29
40 81 8
62 57 24
39 76 38
64 60 36
95 128 12
71 81 23
24 76 11
60 114 44
62 9 12
129 32 45
111 113 42
81 116 44
19 134 5
20 37 14
122 104 0
13 87 44
9 130 12
74 34 12
109 113 42
116 50 14
16 125 28
114 32 8
32 70 28
84 13 16
2 13 18
86 92 13
41 10 8
20 18 8
9 131 23
99 12 12
81 32 19
40 94 8
79 116 16
11 109 28
9 22 33
15 41 23
84 46 38
72 75 10
23 104 42
95 125 12
134 1 14
49 50 5
6 131 14
70 120 23
134 42 14
91 120 23
112 13 5
127 14 29
33 32 44
19 86 44
95 8 29
81 68 44
41 21 28
20 32 14
112 19 16
19 116 20
40 88 28
33 65 37
131 1 8
40 93 8
20 32 44
87 16 44
65 93 12
3 78 16
33 16 44
87 116 22
88 87 18
9 40 14
87 25 1
129 78 15
117 2 28
129 61 15
38 104 42
64 57 2
67 116 18
101 104 42
86 13 16
94 74 8
100 1 10
71 57 24
62 120 18
114 81 8
70 60 18
61 48 12
117 22 22
60 84 1
25 76 38
97 134 14
116 50 1
54 41 14
72 1 22
50 75 8
2 108 12
86 87 45
69 97 28
68 114 44
128 20 33
116 131 8
31 121 29
4 113 42
99 31 29
125 81 41
59 89 14
120 13 44
128 13 23
19 116 44
59 42 14
64 104 42
16 93 14
20 19 14
134 33 14
108 8 29
46 134 23
101 129 17
79 43 15
86 32 14
86 59 15
50 32 16
6 128 12
117 50 22
19 94 29
22 1 14
71 116 18
49 13 16
91 45 33
41 32 8
128 22 14
92 55 29
38 81 11
16 32 8
46 13 36
60 25 1
122 87 16
91 41 23
59 22 44
102 87 16
133 16 14
21 43 31
65 132 12
133 92 29
131 110 14
92 32 18
112 14 29
120 39 1
116 87 3
6 32 18
134 16 3
18 34 12
71 87 23
12 80 12
133 80 12
73 78 16
134 50 14
91 81 27
60 0 44
86 116 16
40 125 28
9 32 36
13 65 14
32 116 19
70 87 18
45 74 10
60 50 22
20 107 44
25 7 38
19 98 8
101 76 17
122 94 16
48 94 18
20 93 8
78 131 26
9 50 45
83 18 10
55 113 42
49 40 41
22 40 3
94 41 8
19 50 20
117 54 28
6 104 42
41 22 8
28 19 16
18 50 18
41 59 14
116 37 14
73 25 16
15 40 14
108 12 29
97 57 24
35 96 4
60 20 44
134 40 44
81 87 44
54 94 14
80 22 14
60 42 10
27 22 44
68 120 44
106 81 16
122 13 16
49 19 41
38 32 5
55 13 18
40 116 8
91 116 18
91 116 14
112 120 16
16 131 19
80 104 42
79 94 15
69 90 10
6 40 14
94 81 3
38 19 11
97 116 18
95 16 14
60 94 22
60 89 14
40 81 14
130 104 42
131 132 8
97 114 14
69 54 28
49 131 5
9 60 18
131 33 14
35 132 10
66 30 29
63 104 42
20 125 28
91 134 23
42 1 12
61 128 12
87 32 22
130 92 12
77 14 29
90 98 12
102 115 29
42 88 22
28 121 29
87 65 14
5 84 14
84 94 16
46 120 36
9 92 12
85 30 29
32 40 5
21 94 18
35 74 10
96 98 10
2 8 29
52 55 29
67 13 18
41 15 28
121 113 42
65 37 12
114 19 44
81 110 8
131 20 29
50 10 14
50 10 8
2 125 12
9 16 14
72 133 28
114 20 44
129 56 43
96 133 28
16 19 14
48 88 12
129 54 15
88 55 29
79 62 15
32 50 44
116 95 28
73 113 42
16 93 8
59 74 14
35 65 10
35 81 22
33 40 26
60 33 16
30 113 42
40 32 14
4 84 37
78 104 42
32 47 8
32 19 44
92 22 14
50 42 14
60 68 44
16 37 14
70 116 23
82 123 26
134 10 8
94 50 16
116 131 44
13 10 14
25 19 45
125 92 29
43 113 42
119 129 0
134 0 44
22 41 19
91 20 33
83 71 28
107 32 44
46 81 23
46 120 16
6 70 12
122 115 29
129 70 13
35 21 31
43 71 12
59 68 44
131 16 14
130 19 14
22 73 14
81 41 8
79 115 29
35 10 10
117 13 22
13 18 22
21 113 42
130 81 18
117 133 28
116 98 8
81 32 20
79 33 15
20 59 8
114 120 44
94 81 16
22 116 14
56 120 18
81 114 14
20 1 8
9 116 36
59 134 8
116 40 44
127 126 38
96 10 10
50 0 44
134 71 28
93 8 29
33 42 37
62 88 12
87 37 14
72 74 22
129 128 15
52 13 18
125 116 14
80 16 14
16 20 19
70 94 14
84 60 16
41 134 8
51 53 43
116 134 8
12 9 12
61 116 18
127 64 28
27 104 42
90 132 12
53 113 42
120 13 23
131 18 8
59 22 14
3 113 16
129 70 6
94 129 44
107 22 44
9 83 33
0 134 44
51 56 43
15 131 14
19 0 44
81 70 28
84 3 30
114 59 14
49 40 11
34 132 12
116 84 1
91 12 29
2 130 12
114 20 8
128 60 18
117 37 10
129 97 6
64 13 18
54 94 18
111 106 17
86 131 14
78 59 44
87 16 14
129 2 15
13 1 22
41 98 14
125 116 18
32 74 14
9 19 45
99 20 14
33 110 37
81 59 44
18 89 12
86 97 6
72 42 10
75 90 12
3 22 5
22 131 19
58 14 29
65 74 12
117 1 10
49 81 41
60 16 14
112 22 5
50 19 5
86 92 15
116 131 14
131 41 14
134 41 44
29 113 0
43 114 14
22 75 14
133 91 12
16 75 14
78 40 5
130 22 33
87 131 5
95 41 14
81 19 23
43 134 14
81 130 28
20 41 8
87 1 22
130 72 33
130 131 33
31 134 14
38 81 5
116 94 20
86 62 6
125 131 33
134 98 14
9 19 27
79 61 15
125 88 29
19 22 44
92 104 42
60 16 44
51 79 38
112 40 11
43 133 12
12 91 12
94 120 1
15 50 18
106 20 14
32 94 23
69 41 22
87 81 5
19 68 44
33 41 5
96 18 10
32 116 8
64 116 27
3 113 42
32 65 8
86 88 6
103 113 42
60 40 5
59 18 8
31 113 42
134 32 14
16 68 44
7 120 16
86 48 15
48 60 18
71 69 33
97 15 12
32 116 23
49 94 5
80 13 18
40 21 28
108 104 42
0 81 44
122 99 15
38 50 16
56 19 18
129 12 15
38 33 11
134 22 19
86 62 15
83 13 22
41 114 29
43 19 18
70 12 29
57 116 18
100 104 42
122 62 15
19 41 8
64 32 27
49 108 26
88 16 14
40 19 8
49 120 16
60 65 14
94 134 5
82 22 44
20 81 44
22 16 3
98 104 42
97 54 29
19 116 5
19 68 29
41 18 8
128 19 23
120 87 44
22 74 14
87 1 14
81 16 5
39 79 38
2 61 12
128 16 23
95 80 12
46 59 23
65 34 12
19 41 5
44 90 12
43 57 24
22 20 29
70 131 23
91 8 29
20 132 8
86 95 13
54 15 12
79 81 16
78 22 5
43 32 18
62 80 12
20 132 14
72 8 29
70 55 29
50 32 20
122 16 15
88 96 33
16 90 14
110 81 18
72 125 28
95 71 12
9 108 12
131 116 14
69 21 28
15 92 12
59 47 8
101 106 17
84 76 38
21 133 31
94 81 5
134 104 42
86 81 13
96 42 22
116 59 8
81 75 14
50 18 14
2 15 12
9 20 33
88 94 14
46 116 16
131 19 8
117 47 10
41 20 44
99 55 29
81 88 28
6 94 18
114 116 8
68 50 44
49 20 11
43 48 12
67 50 27
7 104 42
45 40 22
94 90 8
13 18 14
91 50 36
78 20 5
49 15 26
120 83 33
41 19 44
49 41 11
61 50 18
112 13 45
69 19 22
94 116 8
19 94 1
101 122 22
32 94 1
127 36 43
18 98 12
56 13 18
61 108 12
77 79 22
24 113 42
88 20 23
79 16 15
81 1 14
22 40 44
87 98 10
129 46 19
72 65 10
22 127 28
81 10 8
