1592
5 12 21
4 6 1
3 6 29
1 9 46
12 9 3
1 12 0
6 10 28
0 10 14
12 4 35
1 5 20
3 9 52
11 7 0
3 13 47
12 6 1
13 6 52
12 8 19
7 11 52
6 5 20
5 12 51
6 13 22
4 6 44
8 12 28
8 12 45
10 12 29
6 5 4
12 11 13
4 0 33
0 12 3
6 1 23
12 5 28
10 8 19
5 7 52
6 10 42
13 1 20
13 4 47
4 8 20
1 11 20
2 12 0
12 6 45
4 12 12
8 12 4
7 0 52
7 0 51
13 5 20
10 11 52
11 1 47
0 6 43
8 1 20
3 6 39
4 6 4
12 1 2
7 5 46
7 6 53
8 10 4
9 1 24
11 4 1
13 6 51
5 11 16
6 4 23
10 7 4
7 5 0
2 0 2
6 8 1
10 0 14
1 6 41
4 12 54
7 0 38
6 9 10
1 7 32
6 10 3
6 5 13
5 10 28
1 9 5
8 5 23
12 13 5
5 6 23
12 13 23
6 10 23
0 4 24
5 12 29
10 9 17
1 0 20
4 6 3
4 0 20
9 6 1
0 12 46
5 1 28
4 6 28
12 1 13
9 4 17
10 5 52
11 12 19
3 4 1
3 13 46
7 9 32
4 5 17
8 11 17
7 10 30
12 3 52
6 5 1
4 7 47
6 3 22
12 4 8
13 1 52
11 1 13
13 12 28
10 12 54
12 5 4
6 5 5
1 6 16
12 10 24
6 7 20
6 4 11
9 12 29
10 3 47
0 12 19
13 12 54
11 6 30
12 6 0
11 4 20
0 6 27
7 6 44
1 6 23
1 0 14
12 5 47
6 10 9
4 3 47
10 1 30
0 12 44
5 12 45
12 9 5
0 5 0
9 6 0
13 9 52
9 12 49
11 2 52
8 10 17
13 5 23
1 11 30
4 13 0
12 11 35
7 6 51
12 3 24
9 13 14
1 10 20
0 10 54
13 5 1
12 11 30
11 6 42
4 1 13
13 6 42
11 8 0
3 13 26
5 12 4
5 3 13
12 2 52
9 12 32
6 4 17
10 5 17
5 2 20
11 9 21
13 12 31
8 4 4
12 8 35
7 12 52
2 5 52
9 5 19
6 4 13
8 11 30
3 4 5
10 12 23
6 10 52
9 5 1
6 3 20
12 3 28
2 10 54
4 1 51
9 2 20
0 11 13
0 12 16
8 12 17
6 13 54
6 8 24
0 3 52
12 13 17
6 12 12
1 5 54
6 13 40
0 9 47
6 12 17
3 13 14
9 2 30
5 10 11
3 13 54
1 12 42
6 2 2
5 1 17
11 0 20
8 6 19
7 6 26
3 11 54
2 13 32
9 5 32
9 1 5
9 1 4
2 6 30
3 1 52
6 9 13
3 10 0
7 1 32
12 10 40
4 5 1
12 6 13
1 6 39
12 4 23
6 5 0
9 10 40
1 2 52
0 1 17
4 6 26
1 6 28
6 11 13
8 6 4
11 13 1
0 9 3
5 1 16
12 1 37
9 12 20
1 8 23
10 7 53
8 11 23
2 12 30
11 1 19
3 4 40
12 10 17
6 12 4
12 1 16
12 13 31
6 9 20
9 5 0
3 4 31
6 10 4
7 6 20
4 13 35
10 12 0
5 13 52
2 10 20
10 11 20
6 11 30
6 12 9
10 8 4
12 13 19
9 0 32
8 6 48
9 1 13
2 8 0
6 4 20
11 0 51
5 1 1
6 0 17
7 6 32
6 10 24
12 6 4
1 8 16
12 10 23
11 6 33
3 4 17
0 5 19
5 6 13
7 1 0
6 8 30
4 9 33
10 6 12
12 10 35
0 11 21
0 10 3
13 12 33
8 5 4
2 8 1
3 4 12
12 8 23
9 4 32
11 12 30
7 0 20
11 4 54
1 6 33
11 12 0
7 9 52
9 8 30
9 0 20
9 1 32
0 2 52
9 13 19
6 11 1
1 10 19
12 6 31
2 9 45
1 0 47
7 11 10
3 4 30
10 12 52
0 4 52
2 6 32
12 9 20
0 12 1
6 10 8
4 3 17
1 10 1
11 9 17
10 0 3
9 1 23
7 5 3
6 8 9
11 8 42
13 11 35
8 9 30
4 8 1
10 12 1
7 10 0
9 1 11
9 12 11
10 5 11
6 8 13
10 1 35
13 12 4
6 11 44
7 2 32
4 5 4
6 10 2
2 9 52
12 9 42
0 6 17
1 4 17
8 6 54
0 6 7
5 12 13
5 8 4
12 8 9
6 0 7
10 9 51
10 2 30
10 0 46
12 3 20
9 10 42
0 6 29
13 6 23
9 12 19
9 13 52
5 6 38
8 6 30
9 3 52
9 6 49
9 0 2
8 0 17
12 3 22
12 6 9
9 1 21
6 12 54
12 13 20
1 4 20
5 6 44
4 5 23
11 5 1
10 7 6
12 1 4
13 9 20
11 0 13
5 12 5
3 5 0
8 12 51
8 0 42
3 5 54
7 6 52
12 9 2
12 9 33
12 9 28
6 1 30
4 6 14
7 6 42
11 5 28
5 4 28
13 1 35
1 9 1
1 2 20
13 12 23
6 12 48
7 5 32
7 3 47
2 9 30
9 0 47
12 6 28
1 8 17
3 7 0
13 5 4
9 6 16
9 1 1
5 11 28
8 6 0
3 10 54
13 3 26
4 6 54
0 11 1
12 4 13
9 1 33
12 11 37
13 12 0
8 9 17
8 10 1
5 6 54
4 10 32
8 12 44
4 6 45
11 5 16
0 10 37
1 3 32
7 8 4
6 12 0
2 7 51
4 12 19
6 3 28
10 6 0
1 8 30
0 9 13
2 9 42
1 4 13
12 10 52
8 6 17
10 13 1
3 6 38
11 5 13
7 8 1
1 3 52
0 6 19
5 6 21
12 4 37
5 12 17
5 12 11
12 7 52
8 12 29
9 5 13
1 9 25
11 5 23
10 5 28
12 9 16
0 7 14
4 10 54
0 7 32
5 4 1
10 5 0
12 6 40
0 9 37
0 13 52
4 5 28
7 4 1
7 0 50
2 7 54
1 6 14
13 5 28
1 6 48
11 10 1
6 2 20
12 1 1
9 6 43
9 6 42
12 11 16
9 4 19
12 5 19
6 4 42
11 9 51
10 6 26
3 10 20
5 8 19
12 13 35
7 6 30
9 6 3
6 9 5
7 6 14
1 8 13
12 5 30
8 13 33
9 5 33
4 12 25
5 6 33
3 12 11
9 6 20
13 6 0
9 8 19
12 5 35
0 6 44
1 9 11
10 12 51
9 0 33
5 10 4
7 5 54
12 6 19
9 13 28
4 8 33
8 1 16
3 4 19
11 8 54
10 6 23
11 1 20
6 12 35
0 11 32
4 0 17
13 12 45
9 11 45
4 12 29
1 10 4
4 12 23
8 5 0
13 2 20
9 1 47
8 4 20
8 12 32
8 6 13
4 10 45
2 12 32
12 5 23
3 8 19
12 8 17
1 7 20
4 6 23
4 3 30
3 13 7
1 13 23
9 12 28
9 6 37
1 12 54
9 1 0
12 6 39
1 4 32
1 12 45
8 7 32
10 12 25
12 0 42
11 9 13
13 5 51
9 11 20
0 6 13
10 12 14
0 12 32
11 10 19
12 6 48
9 12 1
6 11 3
7 6 19
10 6 3
7 9 2
10 3 20
12 8 20
1 13 28
2 5 28
7 2 30
11 6 28
13 6 33
7 12 7
1 9 44
11 6 14
5 12 35
2 0 52
1 6 19
13 10 35
8 10 20
13 6 29
2 0 45
0 4 11
4 3 21
8 10 30
12 5 5
2 10 47
13 6 11
3 10 51
4 13 46
2 10 0
0 11 2
2 0 51
5 10 1
10 8 54
12 4 52
10 12 4
13 3 37
8 11 42
5 4 52
0 10 50
4 9 42
4 0 51
11 7 33
8 12 19
7 3 32
1 2 32
10 8 52
9 12 2
7 5 29
2 12 44
7 12 30
11 6 18
11 12 54
6 5 40
8 5 17
7 4 19
9 5 4
10 1 23
8 6 12
2 6 54
10 0 50
2 6 46
11 13 32
13 12 20
2 4 1
9 0 14
13 3 7
0 9 5
2 3 0
3 6 12
4 1 17
12 2 8
12 6 11
11 6 17
9 10 19
5 6 2
2 1 0
12 5 45
5 3 52
13 1 28
10 6 1
9 4 42
7 11 3
10 0 17
1 6 44
6 5 54
10 8 20
5 9 44
1 6 3
10 12 19
11 10 54
3 6 28
4 7 4
6 11 42
5 6 29
7 6 4
13 12 5
12 1 28
4 10 19
12 6 38
12 6 5
1 13 0
4 13 19
9 10 32
12 6 33
8 9 32
12 9 44
7 11 32
0 5 54
0 5 13
6 3 24
6 8 22
12 10 11
6 10 1
3 5 52
12 5 0
6 7 52
12 4 46
4 9 51
8 10 19
5 13 20
8 13 0
12 11 4
8 6 32
4 8 54
6 0 3
13 10 0
8 11 16
8 10 23
7 1 54
11 5 4
1 10 35
2 12 52
1 4 52
10 13 0
6 8 21
3 4 32
0 7 37
6 1 19
5 6 1
0 1 19
5 0 42
10 6 39
11 9 2
10 13 47
2 11 54
13 6 17
12 9 23
1 12 44
13 12 19
12 7 4
7 5 25
11 6 3
10 8 23
12 8 8
10 6 30
5 12 20
10 5 20
6 10 20
8 12 23
4 12 13
0 13 54
1 6 38
12 4 9
6 13 5
1 0 33
12 10 20
11 12 17
0 9 17
12 4 20
6 1 4
6 12 23
11 9 30
11 12 11
12 3 5
11 4 13
5 8 47
6 5 11
4 6 20
6 12 45
6 3 40
11 5 0
13 3 27
6 13 19
6 10 5
9 1 19
12 0 17
4 1 20
11 5 20
1 9 30
1 5 1
0 9 54
6 0 16
1 8 42
12 13 28
5 6 18
0 10 52
0 8 13
13 8 54
5 13 23
9 6 17
9 5 11
12 4 5
5 1 42
9 6 11
9 6 14
6 3 52
7 1 20
10 1 17
6 5 47
6 11 26
1 13 32
9 10 17
12 6 10
10 13 37
2 3 47
5 7 46
7 1 2
12 8 47
1 6 1
10 13 54
5 9 35
2 6 52
2 12 54
3 10 45
0 1 1
3 9 32
8 0 3
10 12 44
7 12 44
4 12 32
10 5 1
3 6 42
5 9 13
1 5 33
8 12 54
3 2 0
1 5 42
9 7 30
5 12 30
1 12 20
9 12 30
0 12 13
10 12 11
9 1 31
13 6 4
5 6 31
7 8 32
13 1 54
1 9 0
8 11 1
11 1 54
6 9 11
12 6 18
8 9 20
8 5 47
8 5 54
8 4 17
5 9 23
1 9 51
2 8 19
12 9 26
5 13 40
12 9 40
9 10 1
2 12 28
4 6 38
7 0 45
10 12 28
3 13 50
9 1 44
4 5 20
9 7 32
6 10 54
12 1 30
8 6 47
6 5 44
7 13 0
5 6 12
11 10 30
13 12 35
11 9 32
7 6 45
8 0 13
6 3 42
8 4 13
4 12 11
7 6 49
6 12 8
9 10 24
7 4 0
13 4 0
0 4 2
7 9 45
9 3 42
11 10 33
0 7 11
8 6 20
5 2 28
7 10 47
13 12 44
3 13 37
0 1 54
9 11 21
9 1 17
8 12 33
8 6 44
10 6 19
6 5 30
9 8 13
4 13 28
0 1 11
6 13 42
2 1 20
8 12 13
1 8 4
1 0 32
5 13 1
7 8 52
5 4 13
0 8 42
9 11 22
3 4 38
6 10 22
6 9 44
7 5 45
4 1 19
0 6 10
1 5 35
7 0 53
5 12 1
2 7 30
8 5 51
6 9 3
1 12 16
13 9 42
8 12 1
2 10 1
1 10 17
2 8 54
6 4 52
10 1 19
6 12 31
8 9 33
7 10 20
5 12 54
11 7 52
12 1 11
9 5 16
4 6 11
13 7 47
8 4 23
6 10 17
6 0 42
4 0 52
12 10 4
8 6 39
8 5 20
5 6 8
0 10 15
6 7 3
9 10 54
6 0 50
1 12 32
5 6 9
6 12 30
1 12 35
12 5 8
4 6 17
0 12 26
6 12 38
0 8 54
5 6 51
5 4 23
13 3 34
11 10 0
4 10 51
9 12 0
12 6 8
1 12 30
0 11 47
0 1 20
6 9 17
6 9 2
10 7 47
11 4 33
5 6 48
0 6 14
13 1 23
11 5 17
8 6 21
10 9 35
12 7 27
9 13 0
10 12 30
6 13 21
9 11 47
8 0 16
1 6 30
3 13 27
4 10 20
11 8 23
10 7 1
0 12 45
0 1 32
9 10 35
10 6 42
11 6 1
7 6 3
5 0 13
10 6 37
5 13 28
5 4 20
10 6 17
11 0 47
6 4 24
5 0 17
8 13 35
10 5 54
8 7 4
1 12 1
0 7 24
10 13 23
0 12 17
10 5 19
13 12 2
13 4 35
12 8 4
6 7 26
7 6 0
9 6 28
0 1 47
5 13 31
3 13 3
12 10 28
9 12 44
6 5 31
12 10 5
9 1 30
9 12 3
4 7 33
2 10 2
0 7 22
9 13 54
6 13 4
6 10 21
12 13 40
12 2 9
4 12 28
12 6 21
12 7 20
13 9 35
13 1 4
10 6 29
10 1 4
6 0 27
6 8 8
4 11 13
0 1 0
9 6 53
2 10 45
11 6 4
2 12 46
4 6 0
7 8 19
1 6 26
4 1 32
1 9 4
11 12 28
7 12 19
3 11 52
1 11 17
3 13 0
10 9 52
4 11 33
13 6 48
12 1 42
4 10 17
0 9 32
6 11 4
11 7 32
8 2 52
4 10 33
8 6 45
11 6 16
10 4 23
9 11 30
2 5 19
1 6 20
10 2 2
8 1 23
2 7 45
8 13 4
1 10 52
10 12 12
13 1 0
5 1 11
1 9 21
5 12 40
4 13 23
1 0 17
9 8 42
9 1 40
0 10 20
6 7 4
5 11 23
0 6 16
3 6 0
6 13 11
7 5 4
8 6 5
5 13 19
12 3 40
6 0 9
1 9 54
0 3 13
0 9 49
4 9 45
4 9 13
0 8 19
3 12 32
9 6 10
7 10 1
9 12 4
4 11 32
6 9 49
6 9 23
13 3 14
0 4 54
13 2 47
12 9 29
4 6 33
3 0 52
12 0 8
0 6 39
12 1 19
4 12 3
1 5 11
11 6 48
6 8 5
6 8 47
4 13 33
5 9 4
13 10 23
13 12 17
7 12 29
0 9 14
2 11 52
13 6 45
10 6 10
0 1 13
7 10 10
1 6 4
13 4 23
12 5 54
9 10 52
4 0 32
13 5 0
10 12 17
3 12 25
12 0 13
12 2 20
11 0 45
10 6 28
13 6 38
6 1 20
3 4 20
10 13 35
1 9 34
10 13 19
2 10 32
4 6 29
11 13 35
6 4 2
5 1 23
13 10 19
10 12 33
2 12 51
5 11 17
11 5 54
13 6 44
4 12 0
13 10 1
13 0 52
7 8 20
12 13 52
12 6 23
10 12 38
7 9 20
2 5 54
8 4 52
6 1 3
12 4 28
7 9 42
6 5 9
12 5 51
6 1 28
10 6 52
6 13 23
8 9 42
10 9 42
10 6 21
5 9 11
9 7 42
5 9 28
7 0 32
0 9 20
8 12 35
0 7 3
12 6 2
11 12 35
6 10 45
0 12 29
3 2 54
1 10 30
8 12 47
1 6 29
2 6 19
2 6 44
11 8 30
9 6 13
9 13 35
6 9 26
12 3 11
8 5 33
12 10 9
4 11 17
7 8 0
3 12 52
12 3 13
1 10 0
11 5 32
1 5 16
13 8 35
1 4 1
1 6 54
6 3 13
5 12 44
8 10 54
13 6 18
4 13 54
11 13 20
9 6 26
4 5 52
7 8 54
1 5 23
5 4 17
5 6 45
6 13 24
2 1 52
8 6 10
8 6 29
11 6 11
6 11 11
5 6 30
9 6 4
11 13 52
11 6 0
6 12 47
4 3 13
7 0 10
6 9 14
5 12 9
4 10 1
12 9 11
6 7 42
13 6 31
1 11 13
7 10 32
4 12 38
1 6 37
7 2 0
8 11 13
3 13 19
11 12 51
3 8 52
3 5 28
1 11 47
7 5 20
0 6 42
4 12 4
7 13 47
12 0 20
0 5 32
9 7 52
11 1 0
6 8 4
0 5 16
0 4 1
6 12 1
6 8 0
6 7 21
7 10 4
1 5 13
3 12 54
8 6 23
12 0 46
1 8 1
2 12 20
5 13 35
13 8 23
11 12 49
6 8 54
5 8 23
11 9 20
6 10 11
9 12 13
0 5 1
0 13 19
5 13 4
11 8 13
13 12 52
0 5 20
10 6 54
4 12 41
5 9 42
12 2 35
3 9 0
1 6 17
4 9 32
9 11 13
9 12 10
0 11 11
4 3 33
4 0 45
6 9 30
10 5 4
10 5 23
5 7 20
6 7 37
7 6 1
12 1 35
12 5 17
4 5 0
6 13 52
6 4 28
1 10 54
9 10 22
10 9 2
9 0 3
3 8 0
12 8 28
13 6 12
6 4 1
2 7 47
2 12 35
8 1 42
4 12 36
4 1 54
6 4 22
6 11 10
1 7 52
12 2 46
7 12 0
10 7 10
9 11 32
8 12 0
0 12 42
7 3 20
7 4 4
13 5 19
3 1 54
12 13 11
12 7 3
4 7 32
10 6 4
7 13 19
3 10 47
9 2 32
12 4 40
8 9 16
6 3 5
5 8 28
1 3 20
3 10 19
0 6 50
12 9 31
5 8 1
1 12 11
5 11 13
5 10 17
12 1 17
7 1 52
8 1 32
1 6 42
9 8 16
8 9 13
7 6 10
12 7 15
8 5 28
13 12 1
9 6 33
8 5 13
12 4 11
5 8 13
11 13 54
12 0 16
1 6 13
2 10 4
7 9 30
12 8 40
5 10 52
2 6 1
1 5 32
2 12 45
4 8 4
6 12 13
9 4 13
4 7 20
12 10 8
0 6 54
13 11 20
12 4 4
4 13 47
8 13 52
9 6 41
1 8 19
0 10 32
12 9 30
5 3 28
11 3 52
10 12 35
7 12 1
1 9 20
5 12 28
10 6 44
0 6 46
6 2 28
6 8 2
12 10 3
4 10 4
8 10 32
3 4 47
4 12 44
8 1 19
3 4 0
10 4 1
1 5 4
9 4 52
9 13 42
5 11 20
1 12 23
8 5 32
7 0 14
6 12 40
5 6 47
9 13 20
11 4 17
12 4 1
11 0 17
6 1 16
13 12 11
10 0 20
4 5 54
13 12 51
11 5 19
0 6 3
8 5 45
7 5 1
2 6 20
6 5 23
11 1 17
2 5 0
2 6 29
4 5 33
10 4 17
6 8 11
9 12 16
1 13 54
11 1 32
6 13 1
9 6 54
11 9 47
4 12 17
9 4 20
7 4 12
11 6 39
6 9 4
9 5 28
1 9 13
5 6 5
6 12 39
12 9 35
12 5 31
11 8 1
1 0 13
9 10 30
13 11 28
5 12 33
10 6 20
3 4 54
6 13 20
10 0 37
4 12 46
6 2 52
8 3 52
10 9 30
4 2 47
1 12 17
13 8 52
7 12 54
5 12 19
8 10 0
11 6 54
12 5 33
13 10 47
9 0 26
6 9 40
6 5 8
10 4 45
4 0 13
3 4 33
9 1 22
10 9 20
1 13 52
0 6 15
4 8 32
10 2 47
8 4 32
13 12 29
13 3 47
6 10 30
6 9 29
12 2 28
4 5 32
9 5 35
3 6 20
11 12 16
9 12 54
4 12 35
11 6 23
11 5 42
10 0 7
0 10 46
3 12 19
10 6 51
7 0 2
4 6 12
9 5 42
11 12 4
6 12 28
4 1 52
6 0 26
4 5 13
7 0 7
1 12 4
5 1 19
11 6 10
6 2 30
3 12 29
13 9 29
12 5 11
4 6 51
6 5 45
3 12 20
12 13 1
1 5 0
10 7 30
6 0 14
0 12 54
4 12 1
13 8 0
1 9 32
7 13 54
0 10 19
9 1 46
2 10 30
3 12 0
11 12 32
11 13 0
13 1 19
5 3 20
8 1 33
6 2 42
1 5 17
13 10 4
6 12 11
5 9 17
4 6 52
9 10 20
5 11 4
9 12 33
3 2 47
1 6 11
9 8 54
12 2 30
0 12 37
12 6 20
8 6 38
8 5 19
12 10 1
9 1 45
11 4 52
1 6 18
2 9 51
9 5 23
12 6 47
4 12 33
9 12 35
4 6 42
6 10 19
0 4 32
12 10 30
6 9 16
6 11 46
8 5 1
7 4 54
11 8 17
10 6 11
4 10 0
12 9 41
8 13 54
6 9 37
5 1 13
4 9 52
12 6 37
3 9 42
0 10 27
7 10 54
2 4 20
2 12 1
10 8 30
6 4 49
2 11 0
9 10 2
6 7 49
7 11 36
5 8 20
6 11 23
8 6 11
7 0 3
4 10 23
7 12 4
8 11 0
1 13 19
4 8 0
7 5 51
0 11 17
12 5 21
8 1 17
10 11 30
3 12 33
11 6 19
6 0 46
0 2 11
5 6 39
7 4 20
