8544
100 18 13
35 29 8
61 24 21
67 21 9
62 90 20
36 90 16
79 99 4
43 39 16
46 90 16
0 51 3
92 1 12
83 71 4
46 100 18
22 91 1
56 39 18
6 65 9
103 48 8
71 30 18
92 88 7
5 44 8
50 2 17
93 57 12
3 0 15
21 15 4
76 34 22
36 1 22
10 55 16
72 15 1
91 80 7
49 39 18
58 64 9
76 39 18
0 26 22
92 22 22
32 17 19
59 84 14
46 19 12
33 19 20
65 57 4
67 36 6
22 84 4
34 32 13
90 35 20
64 41 17
76 3 16
64 19 3
45 101 14
100 9 12
49 33 12
86 55 0
35 20 7
64 13 13
31 1 18
75 3 17
29 9 17
64 95 21
86 101 16
69 10 13
98 14 6
43 28 4
85 65 8
46 79 3
101 2 1
57 103 17
76 22 18
48 77 4
86 93 17
33 81 9
63 28 4
37 50 17
95 90 3
100 25 11
7 40 15
57 77 20
55 11 21
9 88 22
36 76 12
59 23 6
39 42 1
47 83 14
50 90 3
34 69 15
34 66 0
89 96 16
101 94 4
14 92 7
82 98 22
3 15 4
86 12 0
64 59 8
77 12 14
80 40 8
73 92 16
63 72 4
32 81 19
79 65 8
59 96 14
96 25 8
49 73 2
29 20 7
49 83 14
39 50 20
43 73 22
98 16 21
69 40 6
24 31 22
97 58 19
46 5 3
49 87 17
12 55 16
1 71 7
55 33 20
96 81 9
17 90 20
80 5 21
95 69 12
31 6 16
16 30 17
7 8 22
72 90 17
94 20 13
23 91 7
65 93 6
80 77 12
29 4 11
57 96 4
25 31 22
44 66 0
76 23 18
34 55 14
7 15 19
34 15 16
102 59 18
90 10 0
45 103 17
26 23 1
63 61 18
89 12 22
94 80 8
2 1 15
47 41 6
54 50 18
76 91 3
19 52 0
7 43 9
25 87 4
53 19 21
31 89 14
8 4 18
98 30 14
17 11 20
11 85 18
28 81 23
34 88 18
27 89 3
89 14 7
66 62 17
87 0 22
20 29 6
28 29 12
47 20 16
69 1 18
18 63 14
98 46 16
87 47 17
2 90 1
67 18 16
7 22 9
54 71 20
91 103 18
23 89 4
76 69 18
59 38 18
51 52 13
8 65 14
80 44 15
100 74 22
10 74 16
53 74 16
17 57 18
100 92 3
1 43 13
35 97 14
33 35 20
9 93 12
39 77 21
51 50 19
34 77 6
26 35 17
50 17 4
25 99 21
19 70 14
27 98 13
19 73 12
97 88 13
69 76 3
3 22 13
88 0 6
101 100 18
58 83 16
64 30 16
21 37 15
94 84 4
61 101 12
67 15 18
62 86 21
43 98 22
53 45 18
75 58 9
3 76 1
0 65 13
78 16 20
28 74 0
90 6 14
17 76 16
42 103 17
31 4 8
60 9 14
33 66 14
30 7 22
31 43 8
5 90 3
70 73 13
62 22 18
50 0 18
22 29 18
50 88 17
3 25 15
50 35 14
59 65 2
70 46 18
89 30 14
78 97 18
33 100 18
77 76 14
87 82 7
95 77 1
52 23 14
47 31 17
27 81 14
24 66 14
36 52 19
53 87 17
52 100 13
26 11 4
48 1 8
7 85 1
10 17 1
62 67 20
10 98 22
85 8 22
72 5 1
75 32 18
57 59 7
58 44 16
11 18 16
92 78 16
103 0 2
58 70 16
19 91 17
71 88 9
99 40 13
30 90 14
7 74 22
39 80 8
68 2 3
72 23 21
43 31 16
66 89 4
15 50 16
78 20 0
77 17 14
35 17 7
27 64 12
103 15 4
64 68 20
40 45 16
30 77 21
15 83 16
93 102 14
27 2 3
60 10 15
78 2 1
1 97 14
3 89 21
20 1 6
71 79 14
54 27 18
102 45 18
40 39 16
34 53 14
71 55 6
24 32 12
45 59 7
20 90 0
78 49 0
75 81 3
40 44 15
31 41 18
93 29 22
84 64 4
32 101 15
15 38 14
82 89 4
95 3 17
86 18 16
31 25 14
28 97 17
6 72 21
100 30 2
14 93 13
96 23 4
68 12 22
83 101 18
31 69 8
100 45 12
13 90 0
16 96 4
53 62 16
64 27 12
31 27 9
32 61 7
11 31 14
28 67 16
54 75 14
83 25 13
99 4 13
66 22 7
20 96 0
75 0 14
103 2 21
66 55 19
96 102 0
34 76 14
90 57 14
53 44 14
91 84 4
61 99 6
90 1 0
7 18 13
5 26 12
51 24 3
7 101 13
11 43 14
40 84 14
21 69 13
32 48 8
23 77 20
2 36 8
33 64 14
67 59 14
88 92 7
57 10 13
8 100 22
23 66 7
7 28 17
102 68 4
69 91 1
78 3 15
7 26 15
93 17 14
23 101 14
53 76 16
11 50 18
6 46 22
15 71 4
32 68 14
76 45 18
3 63 13
59 16 18
25 56 12
61 22 17
79 53 22
17 35 6
10 70 14
89 62 20
50 61 14
38 101 15
100 89 3
87 99 18
58 36 18
12 80 11
75 24 14
34 100 6
34 50 19
58 22 12
85 68 16
92 31 14
37 92 1
75 72 21
99 59 13
103 21 8
35 24 21
40 43 7
47 103 6
4 84 14
5 14 18
39 93 12
2 81 9
37 89 1
49 5 14
100 11 3
20 80 18
85 83 16
84 94 14
93 53 22
82 9 1
59 52 14
8 49 8
75 76 3
64 79 21
84 66 4
46 67 19
45 90 4
86 14 6
99 81 19
2 45 14
40 55 17
102 82 18
79 10 22
26 50 21
19 49 8
75 42 1
48 102 8
76 84 21
12 24 0
97 91 9
78 88 8
53 68 14
87 70 20
44 39 0
27 7 8
16 21 8
64 14 14
99 80 13
58 17 4
92 47 20
67 99 9
54 16 4
29 77 4
70 62 4
91 77 20
41 14 15
2 72 18
41 24 23
46 89 1
72 53 22
0 4 22
57 15 9
52 101 8
16 0 12
32 9 3
70 57 20
29 24 21
15 80 9
34 44 16
74 87 3
41 83 22
93 92 3
58 21 22
19 71 16
49 26 18
78 54 1
55 8 7
41 36 15
18 64 14
42 27 12
43 93 9
27 16 4
74 29 16
51 68 19
9 87 7
2 31 14
57 44 15
29 15 4
101 72 3
16 41 8
85 59 15
44 23 23
58 41 14
63 2 4
16 55 1
57 46 22
84 72 18
70 87 20
61 71 7
83 42 21
92 6 14
4 89 4
43 100 9
75 62 3
21 8 7
52 19 0
98 72 18
57 90 4
16 36 15
24 5 3
31 103 18
11 49 0
47 45 18
74 48 8
11 67 1
54 28 1
13 35 7
84 96 6
102 19 16
52 32 2
62 76 16
0 70 1
97 74 22
100 94 9
92 83 18
22 7 0
52 55 4
30 80 16
31 61 18
70 51 19
37 7 18
80 23 1
68 97 8
52 88 8
36 68 18
61 38 8
23 93 12
100 102 14
32 57 3
44 53 22
17 87 20
63 56 3
87 64 7
52 61 4
58 100 19
37 98 16
13 62 16
27 85 7
103 1 8
28 12 12
69 77 4
82 55 17
37 57 14
91 44 12
53 70 14
42 31 8
91 90 14
73 8 2
88 24 16
57 9 16
60 93 18
43 35 18
80 45 1
17 24 9
101 10 0
65 2 18
22 68 0
44 0 18
12 27 14
52 41 22
83 15 1
95 85 16
100 68 1
13 39 18
83 39 21
20 54 4
21 66 18
34 98 11
20 62 16
87 59 16
11 5 18
81 24 16
50 66 9
102 38 16
58 66 9
63 6 16
68 102 14
58 54 18
72 13 22
96 40 22
0 93 13
21 78 0
61 81 7
62 89 20
15 74 14
3 52 15
63 81 17
42 100 12
56 43 17
59 42 16
25 16 12
39 72 21
64 76 3
69 74 18
89 37 16
50 87 20
91 89 14
74 62 7
42 23 1
72 27 8
17 73 0
45 16 17
65 36 18
66 44 0
70 94 21
33 67 19
64 96 4
57 49 13
64 85 21
67 4 14
49 92 12
36 37 16
85 74 22
60 101 16
32 4 13
48 22 13
14 43 22
94 45 1
53 16 7
70 84 3
57 7 15
101 86 7
33 97 18
25 75 14
101 59 22
1 37 15
57 30 8
11 102 15
28 46 6
44 83 16
65 28 17
2 39 14
84 5 17
83 82 15
61 43 13
79 81 4
21 40 11
101 78 1
61 12 8
29 47 7
77 82 12
6 92 4
45 65 15
78 13 0
7 56 4
82 100 22
50 46 18
92 59 22
58 49 22
67 1 9
50 16 14
79 58 1
31 58 0
62 57 18
58 30 12
32 84 0
99 47 19
75 21 17
43 81 17
47 21 6
13 7 14
32 21 7
86 75 4
18 80 14
100 60 13
44 3 14
101 44 13
44 63 2
92 21 12
99 18 15
45 96 14
65 74 14
77 5 16
32 64 3
64 35 17
42 77 21
8 26 18
93 101 13
27 34 7
28 85 17
25 97 18
11 99 9
85 55 14
5 71 18
19 15 14
60 1 22
99 91 3
50 83 16
35 23 17
93 98 13
7 21 22
78 91 4
78 74 12
39 29 17
42 79 21
36 78 16
98 93 18
91 93 9
82 75 1
98 67 1
83 81 4
22 89 14
52 30 22
18 44 11
35 33 20
38 90 0
68 70 1
52 79 3
12 72 4
23 65 15
54 81 20
4 13 13
24 3 15
39 71 3
38 0 2
28 64 4
87 14 22
35 26 17
23 12 17
20 45 18
2 3 12
33 10 9
42 24 14
60 76 12
52 77 17
36 65 13
93 38 22
87 34 12
68 3 22
81 35 7
58 60 18
14 51 3
5 33 18
3 34 22
77 46 18
0 43 22
40 20 13
21 62 7
19 16 6
84 54 16
10 16 16
51 46 18
51 41 22
41 55 1
57 64 16
102 66 17
81 32 19
1 65 22
85 96 18
95 44 8
12 48 16
76 82 18
45 44 15
39 4 8
43 57 6
35 83 22
12 98 15
27 84 3
86 42 14
44 5 16
55 99 6
14 85 3
34 83 19
16 26 17
10 94 18
4 19 3
56 29 7
55 48 16
46 47 9
38 68 14
44 17 4
29 0 15
86 74 12
4 45 16
8 40 18
9 13 13
52 28 7
90 60 8
37 72 18
64 57 16
95 61 14
92 55 20
18 79 18
49 89 4
74 65 22
98 70 18
79 17 4
49 88 2
75 15 9
86 102 22
79 101 18
11 0 19
0 25 8
1 45 17
67 64 4
32 42 3
43 41 18
3 12 16
30 61 17
90 64 14
5 64 21
15 51 1
47 88 12
54 82 14
73 42 14
59 44 22
35 61 16
23 47 3
71 25 9
102 97 14
15 11 18
39 21 17
42 65 22
101 28 7
69 64 6
56 16 7
22 56 3
21 22 18
1 34 22
86 3 22
5 48 14
9 11 4
28 42 14
5 60 13
9 33 4
4 12 11
42 59 8
99 3 8
87 98 14
94 30 8
58 12 22
23 87 7
17 77 14
14 99 21
16 61 1
40 83 15
21 86 0
3 37 15
82 78 4
55 68 14
16 86 0
61 45 17
39 8 13
84 100 18
44 22 2
15 102 22
74 1 8
58 19 4
46 62 9
29 6 11
61 85 4
58 65 16
18 10 15
26 57 1
73 68 18
6 35 17
27 15 19
78 84 7
63 49 13
15 46 18
30 31 16
73 33 7
8 64 18
9 17 3
69 72 4
7 19 4
95 24 18
89 78 16
68 22 0
20 19 1
84 17 20
71 59 18
10 89 0
4 53 13
32 50 4
5 80 12
97 32 14
16 73 9
83 102 22
90 65 17
60 63 14
9 53 13
36 98 16
56 54 20
59 93 9
10 67 17
2 19 9
5 36 13
43 4 8
54 55 4
42 8 17
55 5 4
2 74 15
91 49 17
1 50 4
90 19 20
100 80 2
52 9 4
89 43 22
81 56 16
96 27 18
28 79 17
44 41 14
47 32 19
6 48 11
2 84 1
75 31 8
6 2 4
102 69 18
71 39 18
68 15 19
79 68 16
48 52 15
51 19 4
102 70 14
57 43 7
47 22 18
48 19 1
11 27 18
58 93 19
68 46 13
55 6 17
48 73 0
94 62 3
24 78 1
7 31 9
81 94 17
48 40 18
57 3 17
61 100 14
60 59 22
69 30 16
3 75 17
35 53 7
79 14 18
65 76 4
24 98 19
101 88 8
3 56 7
61 88 15
25 4 14
9 0 14
69 12 18
49 40 18
91 35 18
27 42 12
50 4 15
96 19 9
21 33 0
53 58 14
26 1 11
31 76 3
8 50 14
42 73 22
33 34 17
11 46 16
70 64 9
33 94 4
64 17 3
37 6 14
77 99 4
71 48 6
72 54 3
95 79 16
29 51 14
52 96 1
51 76 10
102 51 14
37 64 14
77 51 1
86 60 6
7 10 22
49 85 14
36 25 16
87 44 12
20 30 18
67 32 0
32 43 13
22 95 4
44 31 2
83 30 15
50 95 16
15 39 9
76 31 18
82 70 21
30 41 11
7 75 21
80 20 13
34 63 15
69 99 18
88 33 1
99 73 0
14 80 22
88 27 11
13 77 4
36 63 14
84 65 17
54 101 16
83 68 16
87 11 14
31 60 22
14 39 4
30 97 22
4 37 22
46 92 1
6 1 11
34 87 12
24 21 15
12 58 4
11 32 12
30 56 3
94 29 18
69 62 3
47 50 14
96 14 16
46 82 14
78 56 9
3 7 14
71 33 9
37 22 22
37 33 16
46 24 16
11 89 1
4 33 4
22 13 13
29 95 4
63 65 0
28 20 22
34 59 15
36 6 14
35 56 7
26 78 4
26 62 3
10 95 14
31 50 21
76 9 18
45 80 16
2 0 19
70 59 0
60 50 18
72 103 22
45 30 8
103 58 14
10 41 16
64 88 22
84 34 17
101 3 2
57 47 3
5 76 4
2 56 9
40 2 14
90 43 22
13 71 16
86 9 4
21 45 17
67 101 19
18 2 1
83 59 15
48 33 4
11 80 14
24 92 19
21 91 3
60 15 3
24 40 14
103 4 11
92 51 3
4 21 11
89 4 14
91 100 9
6 73 14
99 2 9
4 29 11
30 53 13
17 9 18
101 31 22
80 41 11
21 79 4
61 76 1
78 93 18
40 24 4
36 102 9
87 35 18
2 95 17
87 3 18
50 11 3
11 63 14
57 85 20
102 61 7
46 64 14
22 21 11
11 28 1
27 6 15
42 72 21
30 9 16
94 28 4
58 53 22
12 26 11
73 93 18
97 86 3
13 27 22
82 61 17
85 81 4
9 40 8
58 34 8
22 40 16
60 99 9
37 11 1
18 70 18
94 89 14
8 78 0
92 35 20
79 15 1
89 57 14
63 95 12
6 96 4
72 12 22
18 57 14
43 68 9
60 7 18
76 47 1
22 11 14
9 80 16
24 97 13
81 26 18
97 101 13
93 12 22
92 71 20
68 79 1
52 11 19
32 3 8
74 90 0
6 68 21
88 14 6
70 89 3
59 81 17
13 42 18
6 99 18
7 95 1
6 7 22
22 58 12
9 48 13
47 24 20
15 40 9
9 8 13
81 71 16
20 25 0
5 40 12
5 74 14
102 73 2
100 86 17
67 35 9
86 22 14
86 13 22
46 63 14
86 67 16
12 87 3
4 43 7
8 2 9
52 37 19
99 34 14
25 76 9
79 90 3
93 23 12
48 66 18
23 86 14
44 21 14
55 82 17
76 57 18
85 84 17
30 67 4
79 26 15
28 18 19
42 44 12
25 20 2
50 76 4
16 54 21
21 85 4
17 74 6
20 91 17
93 43 9
20 87 17
15 48 14
36 96 16
78 18 8
66 61 3
53 63 11
49 65 14
50 67 3
0 12 2
30 21 11
81 83 14
101 63 22
92 68 18
63 33 4
0 99 21
84 23 4
85 26 15
15 96 18
102 99 16
92 52 19
91 22 16
21 14 15
58 74 14
68 20 14
23 31 7
14 35 0
18 26 14
96 88 8
42 1 17
87 74 18
64 87 7
85 53 22
33 71 9
56 17 16
13 29 6
87 51 4
51 11 18
18 66 14
98 62 12
58 68 19
92 13 15
19 65 14
70 72 1
12 63 13
103 71 7
31 19 17
42 63 7
66 1 13
17 7 14
7 86 3
23 97 15
67 41 9
82 21 11
82 6 16
19 48 16
30 47 3
93 48 22
93 6 2
73 37 7
51 22 12
49 46 0
18 35 0
61 32 6
98 8 15
50 72 1
43 88 14
99 58 14
31 88 14
32 76 19
49 70 14
53 67 12
68 26 12
33 93 18
43 11 1
62 56 1
81 96 9
34 96 18
85 57 20
86 11 6
5 39 21
98 73 8
92 43 14
30 15 21
38 54 12
93 70 1
52 74 22
10 28 21
31 15 21
90 56 20
0 64 4
80 29 11
88 100 11
102 65 14
26 93 2
78 73 7
70 83 8
2 85 17
43 91 1
55 102 7
98 87 4
27 28 3
97 81 4
102 0 15
40 6 16
100 37 13
52 57 14
92 17 20
37 100 18
81 33 9
97 94 9
64 102 13
7 69 9
1 15 4
17 42 18
102 48 16
46 18 16
103 99 6
24 65 13
36 54 1
68 51 19
19 82 18
17 30 18
0 5 3
102 33 0
5 51 19
76 56 1
21 16 16
72 66 9
91 12 18
102 47 1
43 7 9
40 8 13
64 37 22
92 97 18
47 91 17
65 90 18
70 14 18
58 63 9
33 63 14
9 21 17
59 48 18
97 93 16
30 63 16
44 1 14
4 99 18
103 46 0
83 1 14
94 12 18
32 99 16
88 30 22
46 32 0
71 34 14
34 68 6
46 6 14
91 33 4
51 98 18
75 55 17
81 73 12
50 92 3
66 81 17
87 102 17
63 5 12
30 23 16
50 77 1
60 13 15
51 9 9
100 47 14
23 5 9
103 45 17
80 49 13
73 17 12
17 16 6
74 36 15
64 21 17
16 89 21
1 89 21
101 24 16
13 94 17
13 84 21
89 82 14
0 36 19
28 30 14
77 65 8
15 88 18
68 19 14
27 17 14
13 6 18
34 62 4
62 87 17
62 7 14
41 63 11
14 50 3
77 85 16
0 62 9
63 1 18
46 55 0
41 51 14
33 43 22
2 26 14
75 12 17
50 51 19
35 45 17
99 29 8
32 67 9
3 8 7
58 50 16
66 19 17
8 92 4
88 20 2
16 29 8
25 52 16
78 39 4
47 98 12
9 49 13
1 77 4
14 41 15
0 8 9
39 69 8
31 72 4
85 76 4
80 90 4
71 90 20
25 65 13
45 21 17
3 18 15
9 83 15
72 6 15
47 81 1
32 18 15
28 0 19
75 33 4
41 47 7
49 81 1
35 87 3
47 43 17
26 100 2
74 59 13
38 60 2
63 0 14
90 25 8
89 101 16
87 23 7
21 46 0
79 73 13
55 40 17
66 65 0
1 29 8
80 26 8
89 54 16
55 36 15
87 88 14
92 3 12
8 32 19
60 34 11
14 19 9
37 28 1
86 7 18
39 2 4
6 21 11
77 69 15
19 6 18
84 14 19
14 83 13
79 70 16
36 92 1
4 28 14
33 30 22
59 18 14
63 103 18
17 96 9
42 28 4
76 32 19
101 1 2
41 61 16
87 7 9
55 4 17
84 91 14
33 56 9
17 50 14
13 87 17
73 81 12
63 99 18
81 53 16
53 46 2
71 57 18
72 85 1
74 81 1
3 44 22
24 59 22
0 23 4
67 24 19
6 69 8
7 88 13
37 81 9
94 58 20
4 75 16
36 74 22
56 26 18
87 93 9
99 5 4
87 90 4
84 19 23
17 0 9
80 103 11
88 81 12
103 69 13
102 55 7
67 87 2
87 2 14
57 67 14
58 7 19
91 34 15
23 58 9
59 85 4
6 80 8
14 70 3
85 58 1
33 20 9
94 103 18
71 62 16
94 17 3
102 4 18
52 8 0
79 36 17
11 73 8
12 25 0
2 76 20
30 17 3
27 102 14
32 82 13
31 94 16
7 91 9
101 82 22
0 90 19
76 20 8
48 90 0
12 70 4
0 98 19
36 22 22
98 92 1
56 13 8
54 7 18
0 72 3
52 71 9
89 18 16
22 43 16
99 96 9
87 63 16
33 13 9
42 66 7
20 4 18
45 79 21
102 103 7
83 16 14
4 41 11
100 75 12
4 79 21
82 79 21
64 49 17
53 81 1
26 15 9
7 59 0
43 1 18
22 52 14
97 12 22
33 55 20
60 90 16
56 65 14
80 14 14
85 71 4
22 72 12
89 90 16
81 43 17
83 75 21
16 32 6
82 18 22
5 17 4
101 34 13
14 48 15
8 1 6
19 61 6
91 51 20
33 76 9
57 37 22
50 98 17
73 84 1
98 55 21
101 8 0
54 66 4
50 65 8
6 83 2
13 63 11
48 10 8
73 36 7
0 77 3
36 97 18
3 94 3
0 28 19
78 57 4
85 34 19
18 61 21
55 56 7
56 79 14
23 28 14
77 83 16
40 51 0
32 40 13
90 101 8
102 75 18
39 14 14
63 26 16
84 89 6
99 76 19
103 70 4
8 68 4
51 62 4
15 92 18
39 43 8
35 47 7
40 69 7
77 96 18
57 86 14
35 22 17
6 13 13
67 10 0
46 7 18
87 24 14
49 50 14
50 94 21
16 98 15
12 99 6
73 80 14
26 56 3
1 61 16
9 7 15
48 50 4
46 91 14
30 103 11
5 19 4
45 77 20
9 52 14
32 96 12
6 30 8
52 72 3
87 50 20
69 25 14
40 64 16
39 68 20
82 51 9
94 1 18
83 64 21
13 11 4
59 61 18
82 7 22
54 1 22
103 72 14
87 85 20
90 40 14
81 61 7
25 93 11
11 38 12
83 50 1
43 5 12
101 39 4
6 75 1
29 11 12
1 17 7
29 22 13
69 60 22
38 83 14
48 94 3
77 1 14
31 54 4
103 49 7
10 101 9
51 34 8
62 9 18
7 2 3
37 62 12
48 15 4
42 12 17
89 25 16
75 37 22
14 78 1
22 34 22
94 52 14
70 67 3
101 83 13
57 56 3
30 35 17
24 69 22
41 71 7
103 61 1
51 0 18
37 71 12
19 79 14
41 81 7
23 46 22
3 59 13
16 2 21
37 41 22
8 59 18
75 13 13
85 23 20
87 40 7
98 96 16
25 44 13
102 53 8
41 32 16
92 26 14
73 46 7
4 100 15
74 39 17
11 60 16
9 58 9
26 12 11
31 56 17
92 18 16
25 18 8
44 86 17
5 1 14
40 27 0
81 37 9
32 25 2
65 84 17
85 18 13
12 71 7
28 71 20
47 36 9
58 32 22
28 11 16
27 35 4
66 58 9
94 95 4
33 6 14
5 53 22
65 32 14
80 100 22
98 29 15
36 4 14
76 72 14
44 99 14
32 28 0
80 65 15
39 31 8
36 38 2
36 89 1
8 89 0
63 58 9
70 32 22
68 41 22
2 20 9
63 78 4
82 19 3
26 5 14
19 96 9
10 14 9
35 75 17
59 31 16
46 22 22
89 88 16
29 32 16
83 93 8
17 60 0
13 56 16
36 26 14
6 43 8
61 60 15
18 47 0
92 98 16
60 55 4
13 14 15
67 78 19
64 72 20
89 53 0
70 24 18
63 37 22
60 84 1
13 76 16
19 59 18
84 63 14
101 25 8
15 86 17
54 15 3
37 96 16
6 5 21
62 27 22
75 80 8
20 8 8
10 82 18
68 11 3
102 46 0
52 56 0
73 72 18
72 48 22
6 74 8
59 92 14
9 44 15
40 94 7
63 55 18
39 97 12
54 86 7
68 17 14
82 10 13
93 54 3
27 12 22
89 8 0
60 74 22
29 18 15
20 61 18
62 72 14
37 26 14
80 70 21
1 35 16
62 71 1
86 82 14
31 49 13
85 61 14
46 51 3
45 83 15
45 94 1
73 51 3
70 55 14
14 65 13
83 84 17
53 34 16
59 34 15
33 7 18
35 31 13
83 96 18
69 2 4
98 50 18
63 30 8
9 50 21
90 42 4
86 77 17
91 58 4
86 66 14
24 12 15
94 22 8
57 31 7
14 54 7
63 93 15
67 0 19
96 29 15
0 16 12
18 17 0
45 60 22
29 102 7
69 94 16
33 86 1
78 48 12
16 6 17
96 4 22
98 43 14
37 86 7
75 36 22
91 16 18
18 87 14
97 77 7
6 47 3
20 79 14
74 46 15
41 99 16
42 51 9
46 99 23
10 56 1
82 12 11
62 12 6
103 29 8
97 48 22
50 82 15
47 39 18
46 34 13
33 49 0
51 16 10
2 59 22
1 94 3
64 62 3
75 61 17
1 47 7
41 88 15
30 83 15
6 11 4
83 51 19
34 42 9
53 5 14
25 33 1
101 38 2
28 70 18
19 86 21
95 71 4
71 40 18
46 87 4
51 10 14
77 49 22
0 35 12
98 74 15
17 39 18
83 34 8
84 36 16
19 14 9
28 38 12
63 9 16
64 66 6
17 3 6
67 46 19
10 58 4
23 24 4
16 53 7
47 86 21
68 44 7
35 95 4
21 60 15
13 9 18
72 91 9
2 94 14
80 98 22
64 0 22
75 6 8
32 15 4
54 41 12
29 16 16
56 74 16
25 67 7
37 78 16
45 68 20
88 19 12
85 7 8
36 55 4
93 1 22
20 42 18
93 75 12
61 48 8
82 34 15
38 65 22
93 52 18
76 96 9
26 36 22
59 82 6
59 35 18
53 32 19
93 58 19
65 12 14
98 102 15
52 44 13
2 44 17
24 6 22
29 60 15
74 76 1
55 73 0
9 86 14
1 102 7
30 96 14
68 43 9
45 56 3
58 95 16
100 35 4
98 27 18
98 44 11
96 92 1
77 78 18
0 10 9
60 21 22
103 79 4
31 65 15
65 66 0
79 69 15
34 60 11
70 44 8
56 72 14
44 74 14
57 74 13
50 75 23
16 94 3
77 73 13
26 7 22
0 3 15
91 9 6
47 30 18
65 33 17
18 86 1
94 88 14
72 2 3
35 5 4
15 69 12
49 76 16
31 44 2
83 31 15
0 92 19
12 2 12
79 24 18
69 102 13
0 49 0
32 6 13
86 4 14
13 21 6
62 28 20
81 44 14
61 7 14
96 78 1
36 101 16
6 67 14
15 42 21
17 32 18
85 92 3
12 53 7
61 9 17
49 37 0
5 75 4
62 19 1
83 87 0
50 39 20
47 38 16
34 82 15
72 21 22
7 62 4
99 10 19
51 77 16
17 95 14
101 18 8
58 102 22
79 74 22
103 22 11
39 99 18
25 1 2
43 25 14
61 89 21
16 17 7
101 40 22
89 28 7
99 7 22
56 73 12
75 85 21
40 81 3
101 26 22
80 79 21
58 35 4
93 8 14
19 87 17
51 87 21
19 25 12
68 96 3
34 93 6
19 22 18
92 91 4
33 38 12
39 57 1
16 25 0
24 44 13
75 53 13
67 89 16
20 94 0
40 28 14
40 102 13
98 66 4
99 50 4
82 53 13
91 55 18
24 10 9
58 33 18
81 46 9
80 53 13
78 36 8
56 68 4
77 4 9
25 32 2
48 60 15
69 48 18
89 5 18
96 60 8
100 51 19
8 72 14
19 18 12
14 57 4
52 20 0
60 22 22
67 6 22
7 76 4
72 67 3
33 61 20
40 62 3
34 1 14
2 93 18
70 93 8
12 101 15
66 56 17
47 93 22
36 94 14
0 17 9
55 27 14
57 40 8
14 28 19
74 67 4
79 92 3
45 99 18
62 88 9
17 38 6
16 91 3
30 84 4
69 49 13
93 44 7
38 97 14
18 31 14
61 31 13
76 12 7
51 71 4
54 92 1
37 19 9
98 71 12
31 29 18
56 58 14
45 72 21
68 83 8
16 75 17
77 7 7
20 52 0
41 28 12
98 5 18
94 46 14
95 10 22
38 29 16
83 9 21
29 44 22
5 0 18
58 39 9
99 8 8
40 9 16
65 19 22
73 14 7
26 69 8
72 50 1
83 91 0
68 16 4
36 53 9
23 82 16
75 30 8
62 94 18
75 29 17
69 41 18
54 38 12
3 85 4
4 59 7
76 17 1
103 65 22
33 5 3
26 22 8
25 88 8
17 44 14
69 50 21
56 69 17
99 75 3
100 24 18
74 72 14
81 91 17
23 59 7
94 34 15
41 21 8
60 43 14
72 20 22
80 85 21
71 38 6
0 33 1
56 90 20
14 34 11
72 81 4
29 81 7
47 18 12
48 58 4
53 38 16
32 47 19
62 13 8
66 36 14
97 60 13
95 13 22
98 59 22
25 92 7
72 44 7
26 98 22
9 19 3
30 57 16
74 73 0
18 45 14
57 27 12
77 25 17
97 61 4
84 45 4
77 63 0
91 61 18
19 88 12
68 50 1
85 67 3
41 42 3
0 15 3
1 57 17
78 26 14
92 46 16
43 46 14
18 16 21
89 13 0
34 38 14
97 44 7
68 86 17
45 27 12
44 60 11
54 102 15
29 93 14
0 21 2
72 16 4
39 79 20
103 23 17
29 67 9
54 93 18
64 22 7
33 15 3
10 43 18
43 49 13
9 66 7
44 72 7
22 5 21
5 61 14
96 64 4
95 31 12
48 14 15
75 16 17
95 82 12
71 29 6
1 96 4
56 46 9
56 92 20
81 65 14
3 99 16
52 33 1
53 47 1
7 61 4
42 15 21
33 45 14
87 55 18
47 55 6
51 75 9
5 95 16
77 11 3
2 43 14
47 56 16
70 63 15
88 15 3
37 13 9
2 46 8
7 13 22
43 65 15
103 81 7
36 46 16
77 90 18
100 88 2
4 81 3
87 20 17
48 95 4
70 90 3
3 6 11
15 49 22
29 8 7
37 30 14
67 85 18
49 1 6
0 56 9
44 102 22
47 95 14
80 59 7
64 67 14
47 97 14
59 58 0
81 63 17
52 35 4
65 17 4
43 71 3
18 49 0
62 70 14
36 28 1
36 79 17
1 6 11
23 98 22
70 9 21
39 28 4
99 44 22
77 34 7
91 6 7
81 74 16
72 101 18
85 78 3
62 16 6
5 12 14
56 7 14
50 84 17
51 27 19
78 90 1
61 47 7
54 96 16
44 51 7
36 84 1
26 24 14
73 1 9
11 26 14
67 58 18
44 47 4
97 73 13
59 55 18
28 96 6
40 89 4
90 8 0
33 80 14
85 72 1
20 100 22
36 59 22
24 43 22
60 70 18
61 97 14
66 2 4
53 57 18
77 39 23
13 33 0
52 95 3
86 37 6
52 92 19
17 66 17
15 56 4
94 53 13
7 17 4
7 36 13
0 20 9
80 27 22
17 23 18
35 81 7
31 13 13
96 50 3
52 50 3
50 20 22
60 35 4
81 28 21
29 1 8
40 57 16
78 75 4
38 96 21
101 74 15
33 58 3
32 98 2
101 22 22
84 90 19
54 77 18
13 2 9
91 86 4
0 24 1
76 78 9
98 0 19
20 41 6
39 66 7
77 62 4
93 78 3
47 19 16
29 94 3
19 54 20
4 46 22
44 33 18
101 68 18
77 18 18
56 101 9
53 0 0
102 22 18
18 54 1
16 76 1
16 33 0
27 97 8
64 75 16
54 23 4
79 103 14
56 62 16
31 79 21
25 71 9
97 18 13
61 98 15
31 17 3
83 37 11
34 47 14
20 103 6
34 56 14
67 90 16
101 36 8
69 54 4
54 11 1
62 69 18
76 55 16
74 4 18
50 40 12
98 94 14
84 1 12
23 37 22
20 26 18
69 37 22
67 44 18
29 37 15
90 47 20
92 34 17
31 51 21
49 43 18
53 73 2
57 45 16
79 87 20
48 61 16
56 51 14
63 25 22
64 38 13
88 94 4
76 50 14
59 63 16
62 49 8
23 83 15
99 13 19
72 78 18
41 49 7
25 8 2
29 40 11
35 16 16
95 80 12
102 71 16
8 34 22
23 53 13
0 68 3
84 48 0
71 42 18
60 69 14
77 67 3
73 6 14
41 75 17
36 47 9
44 77 16
35 40 17
88 101 16
56 27 22
38 11 12
22 102 13
75 68 20
84 92 16
99 43 13
56 91 17
98 58 3
100 53 22
67 31 14
4 39 16
26 20 13
85 24 18
97 19 4
20 12 6
27 10 22
91 98 14
54 91 4
12 66 18
68 40 12
49 67 12
6 41 11
32 33 12
96 16 20
16 87 3
46 26 14
32 62 19
56 28 21
52 63 22
30 82 16
35 50 4
49 82 18
11 44 17
88 25 16
36 24 19
69 67 4
37 83 11
23 14 14
25 30 22
30 19 3
75 17 3
81 15 14
101 47 9
31 55 18
14 66 14
96 32 15
60 100 18
28 32 12
10 6 18
14 9 4
69 0 22
68 78 3
81 95 14
63 35 18
56 25 12
47 74 16
61 82 17
9 76 3
51 81 4
16 3 8
19 10 16
38 92 12
69 3 18
43 34 15
65 6 15
43 99 18
29 46 15
53 79 14
48 78 4
19 41 6
44 58 1
60 77 17
69 53 13
58 72 16
84 37 16
74 28 0
1 25 15
24 81 20
26 14 14
26 41 11
4 63 7
11 14 19
32 22 13
2 48 15
23 68 20
87 9 7
52 27 13
30 62 3
24 103 15
37 95 17
50 26 15
44 62 4
9 51 9
80 94 1
47 76 16
61 92 21
61 62 7
30 24 14
26 9 1
31 57 6
77 30 0
83 56 4
14 90 7
72 22 15
85 36 17
56 75 18
92 90 16
30 26 16
69 81 17
25 96 16
58 2 18
79 1 14
82 1 11
2 80 14
11 21 22
37 58 3
79 3 14
2 101 8
23 84 14
10 8 8
100 99 14
101 43 22
102 44 14
95 42 21
62 5 14
80 9 1
82 66 6
32 20 7
26 83 22
35 89 21
4 68 21
63 67 4
9 99 18
90 78 1
7 96 3
66 18 22
59 45 6
36 70 17
66 82 7
86 80 14
70 13 22
86 40 22
71 96 9
64 52 14
72 56 4
19 43 17
91 52 14
22 64 7
66 53 17
66 43 19
72 10 22
22 71 3
87 18 22
1 53 7
35 7 14
46 59 22
34 35 14
80 81 3
54 12 22
63 45 16
97 15 19
74 54 12
75 14 14
102 10 16
57 50 20
52 84 7
80 75 1
25 27 11
55 1 8
91 88 14
4 88 22
96 53 0
85 41 14
8 71 16
60 53 22
6 71 3
40 23 16
67 45 10
74 96 4
89 79 18
27 36 13
29 27 14
94 85 21
80 95 21
70 12 14
60 92 1
91 76 18
51 47 4
45 63 8
75 10 13
37 20 9
88 44 13
66 90 4
74 8 8
34 65 16
72 8 22
93 49 14
99 22 13
31 70 4
55 53 7
78 31 22
61 68 14
97 2 3
60 87 4
87 86 4
73 63 14
49 3 6
6 0 22
72 4 12
3 24 21
39 62 3
21 71 7
32 34 14
67 63 14
99 1 7
88 36 8
70 29 22
17 14 9
41 48 8
98 97 18
19 40 18
64 48 13
94 25 14
88 57 14
8 55 7
47 59 17
74 17 7
32 55 7
24 17 9
88 70 17
6 89 4
66 73 14
43 14 14
75 101 22
57 79 20
42 99 18
80 56 3
15 85 16
33 22 22
8 9 18
90 11 1
82 42 1
85 82 15
98 68 9
5 29 14
48 49 7
55 94 3
36 10 2
19 81 1
84 28 1
0 38 2
5 15 1
28 83 17
76 61 16
77 43 15
80 73 22
84 42 14
37 87 4
79 11 3
57 54 14
9 32 18
7 98 13
89 69 22
99 100 22
68 91 9
65 1 14
0 34 11
63 60 22
78 86 1
1 69 13
12 62 7
42 92 4
91 40 7
76 95 14
85 97 8
102 54 4
30 76 3
54 47 20
19 7 14
3 23 17
64 98 22
58 88 18
79 39 20
60 64 14
84 87 14
45 43 8
14 81 9
71 77 14
103 67 9
100 13 14
75 96 4
49 13 16
57 68 20
33 8 0
29 71 4
51 60 18
61 18 15
6 33 4
13 15 14
55 54 21
85 86 3
53 13 16
75 98 22
76 53 8
23 85 21
48 51 4
62 83 14
71 82 18
98 53 15
64 39 16
29 48 8
78 8 0
103 57 17
6 76 3
6 29 11
69 79 21
13 47 1
44 11 1
21 39 17
31 0 22
16 60 15
93 81 14
55 21 16
72 45 21
10 3 16
24 70 3
65 18 18
103 97 14
14 4 22
35 101 12
83 98 13
12 37 15
8 66 17
77 72 16
65 35 14
18 48 0
99 82 13
97 1 22
74 64 18
49 69 18
59 26 6
97 41 22
77 89 17
102 98 15
47 71 16
13 28 21
90 85 18
100 82 2
0 57 4
22 33 14
68 5 1
84 62 20
46 80 14
46 60 8
43 38 11
8 44 14
51 99 4
17 84 20
100 5 1
28 88 6
40 60 22
69 92 4
95 16 14
98 81 12
57 38 13
35 39 17
33 26 14
7 71 14
10 23 18
34 46 18
24 22 22
65 59 2
81 90 20
38 71 7
57 72 20
50 93 8
41 19 7
30 14 14
70 56 4
42 37 14
66 10 13
91 83 12
48 4 18
50 63 15
94 42 1
63 16 18
73 24 19
6 59 7
27 46 13
34 29 14
99 19 19
47 8 8
0 6 22
94 87 1
56 53 8
48 39 17
77 94 23
103 78 0
7 80 15
99 27 22
57 1 17
58 23 9
35 77 4
20 0 15
100 2 3
65 43 22
70 16 14
77 28 3
23 7 15
62 26 18
26 64 1
19 39 18
41 44 22
21 34 22
42 55 17
43 72 4
40 5 9
94 43 8
102 15 14
61 102 7
36 7 18
74 20 8
88 48 15
32 51 4
39 36 22
69 42 1
60 89 1
11 59 22
34 101 18
94 97 9
91 94 16
80 7 22
74 24 4
69 21 18
66 103 13
2 60 8
67 73 8
94 15 20
54 89 1
98 13 15
13 61 7
30 54 4
99 14 15
46 20 0
96 95 3
35 30 17
29 41 16
55 64 17
79 0 18
72 37 13
43 0 22
2 12 12
0 22 22
24 20 0
101 64 4
54 26 14
10 49 8
36 41 22
94 100 9
75 46 22
42 83 22
28 35 20
76 24 9
89 55 4
77 14 18
37 94 14
74 89 12
8 18 2
55 30 17
41 65 22
83 35 14
17 56 1
32 23 3
14 22 22
16 42 17
103 42 17
36 69 14
43 83 15
31 75 16
21 100 14
60 85 18
56 102 8
16 56 7
89 80 14
28 27 18
45 70 21
87 6 7
10 15 14
10 26 18
101 6 22
91 25 22
3 78 23
103 39 17
2 79 17
35 68 14
25 35 12
70 102 22
58 27 19
73 25 7
52 29 22
51 4 13
44 100 7
37 49 0
83 78 18
70 39 20
16 78 0
77 102 14
55 18 12
62 100 22
83 10 22
28 92 16
50 52 18
33 23 4
38 31 11
58 25 18
90 71 20
42 60 22
96 65 13
3 69 13
65 53 22
12 49 7
97 3 22
46 48 15
68 8 14
72 25 13
38 69 11
22 94 16
85 3 14
2 23 4
4 3 11
36 44 2
28 94 14
101 87 4
91 92 14
15 58 1
29 36 15
84 12 12
29 50 4
92 102 15
33 1 12
3 32 16
69 66 19
8 76 16
93 10 22
94 27 9
96 8 0
66 64 7
13 45 18
11 35 21
26 84 4
77 24 17
2 6 14
9 16 17
97 29 22
41 58 4
85 79 16
47 53 16
50 99 4
95 91 20
66 83 0
27 11 3
8 101 0
57 78 4
4 82 16
35 21 8
85 102 22
82 96 14
85 54 3
29 74 8
11 98 16
88 85 17
78 6 22
65 89 18
49 34 22
67 34 13
29 26 11
96 89 1
11 64 14
51 90 18
78 61 20
103 102 7
100 76 14
96 94 4
10 35 16
44 64 9
101 50 3
65 25 18
56 88 12
7 97 8
1 74 16
32 92 12
46 86 1
78 66 14
32 54 12
19 63 18
10 21 16
100 22 0
53 55 7
93 87 9
47 84 21
13 65 14
15 17 4
26 29 11
26 72 12
58 11 18
48 92 12
15 8 22
17 51 14
94 33 4
15 25 18
73 39 14
47 2 9
65 10 22
60 11 1
69 9 16
39 64 1
67 81 20
92 67 1
79 47 4
40 4 16
103 90 0
92 62 20
94 9 16
76 59 17
76 63 18
78 67 19
69 31 16
67 68 18
58 85 16
60 28 1
23 54 14
42 18 14
41 34 22
47 16 6
38 85 14
22 4 16
81 100 22
55 59 13
89 92 16
56 49 8
66 27 15
29 10 8
2 4 22
17 40 18
68 60 13
82 8 13
70 28 3
35 82 17
75 25 22
1 23 17
9 35 17
78 24 16
103 40 11
14 44 13
84 82 22
8 19 16
27 54 3
32 71 19
0 46 8
79 98 13
87 5 20
73 5 18
80 52 14
44 9 0
42 87 1
59 97 0
72 3 22
72 43 15
10 36 2
14 16 0
19 95 14
78 64 14
42 5 21
45 57 1
2 49 12
97 99 14
63 87 1
44 36 8
101 56 9
36 40 14
10 100 14
57 25 22
94 91 1
49 59 18
8 31 18
21 51 4
10 40 18
10 44 22
41 9 17
103 11 21
41 76 1
2 71 20
89 44 13
0 80 22
86 17 4
102 32 19
7 20 22
56 37 9
5 46 18
20 97 14
97 43 9
14 46 0
5 101 18
34 12 14
10 12 16
10 63 11
55 100 14
65 31 22
34 5 19
50 18 13
62 17 1
30 29 11
79 16 14
49 53 16
10 5 14
40 61 17
98 57 14
18 27 18
6 16 17
73 62 12
42 67 4
35 1 8
60 48 22
14 7 11
77 66 9
6 85 12
36 91 4
47 58 14
78 94 4
0 83 13
40 97 15
97 69 9
12 54 21
74 68 14
58 90 18
102 21 7
3 49 7
50 80 15
87 96 14
92 54 16
41 20 7
13 70 14
50 27 7
100 10 22
103 6 11
33 29 15
63 92 4
92 87 4
98 86 7
57 4 8
57 48 13
103 93 14
53 50 14
8 63 11
73 23 14
14 84 19
79 50 1
98 11 1
92 89 1
24 2 19
41 5 4
70 37 17
17 93 22
50 81 4
57 70 20
10 79 14
82 33 4
72 31 15
64 46 22
54 90 16
8 29 6
100 44 7
62 41 6
58 96 18
75 84 4
10 92 4
91 23 6
90 79 18
68 36 13
70 101 18
64 53 8
85 40 12
29 98 15
83 89 3
1 67 9
73 58 18
38 3 16
39 45 1
71 61 6
6 93 15
44 6 2
76 81 1
100 91 9
77 44 8
78 12 12
1 33 0
7 79 1
60 42 14
21 55 1
82 30 8
100 15 19
94 68 14
28 93 18
50 91 20
15 94 20
90 49 0
75 41 17
103 33 0
7 48 22
82 45 1
48 84 0
68 80 12
31 98 22
64 26 16
34 91 4
10 84 21
38 30 18
75 63 8
15 79 16
59 9 6
98 4 14
42 101 14
69 70 4
71 54 20
21 75 17
85 27 7
8 14 15
97 50 1
26 80 16
36 83 11
32 7 14
44 73 13
101 81 9
28 26 22
38 53 8
54 31 14
79 55 14
21 32 6
2 17 20
63 40 6
43 53 13
25 6 14
53 31 0
19 30 18
13 20 16
33 82 14
23 6 16
73 67 16
2 14 19
65 83 16
18 46 8
85 0 18
62 39 18
27 91 9
83 62 4
11 72 18
5 37 13
11 12 22
36 12 22
46 74 15
82 91 7
98 24 19
87 97 9
95 43 12
36 45 14
87 25 14
48 20 8
80 102 13
13 79 14
81 4 18
35 46 12
99 23 3
74 49 7
56 48 16
99 63 13
68 31 9
78 53 0
84 58 17
89 41 22
8 10 16
29 21 8
27 69 9
2 103 15
50 100 8
68 32 14
92 37 16
37 60 8
61 73 9
20 33 0
99 65 14
3 53 7
47 11 20
3 39 17
43 90 4
79 18 13
24 96 1
72 100 8
25 46 8
78 11 1
62 81 1
103 18 0
27 90 3
41 25 15
13 57 18
66 68 21
69 38 11
93 82 2
6 66 6
44 40 2
34 84 17
71 37 12
68 28 3
46 88 16
44 46 18
42 96 4
29 92 12
69 45 16
90 0 8
3 70 4
49 6 18
91 101 22
11 20 15
24 56 20
75 27 12
86 72 18
4 2 4
79 41 14
54 59 22
103 60 15
93 24 18
41 84 14
2 53 9
85 28 17
53 75 18
66 16 3
65 85 16
31 53 13
47 65 14
66 79 9
10 86 12
6 32 11
76 74 16
71 83 14
103 14 15
96 22 22
97 62 4
75 47 3
76 66 18
53 22 18
96 34 13
22 50 4
96 70 3
2 50 17
88 68 17
77 21 14
18 88 16
48 62 7
47 102 16
9 72 21
31 9 16
13 44 14
42 94 1
11 74 12
71 44 14
48 57 18
25 73 7
22 82 16
94 99 17
42 102 13
87 81 17
4 27 15
53 29 7
3 27 14
33 69 22
30 71 3
79 66 9
49 35 6
103 12 8
76 40 18
14 82 22
52 99 4
41 67 9
27 21 22
21 53 7
18 33 1
35 79 4
101 51 3
89 77 17
99 25 15
36 81 9
55 28 20
72 70 1
57 36 22
20 47 1
94 41 18
55 103 16
103 96 4
41 1 8
64 45 16
57 34 0
43 89 14
56 78 9
57 81 3
7 46 13
10 71 1
64 89 4
52 97 13
60 31 14
48 35 1
35 64 17
60 44 11
36 66 4
44 95 16
77 80 12
22 12 11
30 93 2
67 38 15
81 87 17
37 101 16
61 26 17
58 97 19
50 10 22
82 4 8
88 5 3
50 102 22
27 62 14
73 71 12
81 27 22
90 91 4
72 99 4
73 66 14
7 66 21
42 74 18
94 83 15
89 102 0
19 3 6
60 81 12
64 9 16
12 14 0
64 61 17
22 19 3
38 17 1
78 22 22
18 12 0
56 44 14
17 61 6
92 72 18
20 49 8
4 51 9
29 99 16
82 58 9
100 50 1
98 17 12
32 69 13
35 100 14
74 19 1
77 59 0
67 39 4
12 7 14
58 31 12
97 83 8
95 15 1
70 78 18
41 15 4
42 0 14
29 73 0
101 65 13
21 25 15
54 35 4
19 29 6
85 95 1
30 49 13
2 35 21
102 16 7
102 26 18
1 20 7
59 60 14
7 42 9
67 74 15
8 30 18
48 47 1
39 56 3
2 70 17
26 60 22
60 46 16
52 64 14
58 62 4
67 12 9
56 12 7
6 28 4
27 32 14
85 90 3
97 45 21
40 58 9
79 59 0
93 36 13
90 82 14
94 36 22
9 28 4
65 61 14
12 82 11
62 50 14
58 45 9
2 83 17
71 80 18
4 78 4
47 44 14
48 45 18
88 42 4
7 25 13
91 96 4
32 66 17
56 36 9
27 63 15
39 49 13
96 86 1
64 11 4
47 99 19
9 94 1
84 83 17
28 45 4
55 10 8
52 53 0
96 42 14
48 56 1
55 47 7
38 26 18
76 48 16
99 16 7
35 48 16
70 71 4
77 22 0
59 103 18
44 27 7
31 33 14
43 59 8
38 78 21
81 29 6
16 7 14
68 71 14
24 64 14
23 64 16
43 19 4
53 10 16
77 6 15
73 59 14
33 65 17
85 47 4
13 69 18
26 31 8
101 79 3
97 95 1
6 10 13
21 73 9
26 49 13
29 82 11
37 48 22
85 69 15
66 87 19
66 88 22
9 59 7
78 42 4
62 99 19
1 95 4
98 89 1
30 51 0
67 53 0
48 42 3
39 81 3
11 19 20
23 41 17
27 67 17
100 6 2
11 9 14
82 74 11
9 37 22
30 43 16
0 50 3
53 60 15
64 103 17
36 34 11
34 11 17
78 33 1
20 85 14
54 20 15
98 56 12
66 38 13
40 59 7
12 86 0
91 15 20
59 17 17
62 36 12
102 36 15
80 48 11
35 60 15
16 67 9
8 13 16
8 7 14
22 57 16
103 95 4
25 64 14
46 94 4
1 73 9
88 97 18
28 40 22
74 58 4
45 102 13
1 56 7
78 80 22
43 10 13
16 35 1
92 25 7
73 54 16
40 100 0
76 71 1
10 83 14
64 100 12
69 17 3
52 10 9
95 37 17
48 93 14
86 84 1
103 53 7
23 42 1
37 91 4
89 76 20
9 61 17
7 49 14
96 52 16
11 51 3
23 22 8
68 84 3
64 47 3
31 102 13
98 100 18
78 46 8
41 82 11
99 46 15
28 98 16
19 21 6
97 47 4
78 98 8
80 62 3
44 15 1
35 6 17
68 103 22
94 76 3
43 67 4
89 67 1
35 8 7
63 75 16
31 81 17
11 88 6
89 19 9
54 76 20
72 94 21
27 8 14
25 98 8
66 41 13
48 53 8
49 102 16
92 2 16
96 11 1
5 63 12
52 73 19
62 92 20
85 25 17
46 14 16
21 76 1
63 50 12
30 55 17
46 11 1
77 95 16
13 12 6
92 8 15
15 20 22
40 71 3
86 46 16
38 34 22
83 70 16
78 85 18
54 83 18
97 53 22
25 55 12
85 70 1
52 87 4
96 24 16
79 49 22
21 102 22
29 97 14
75 89 4
94 5 20
70 42 21
98 63 22
7 67 3
11 34 17
91 57 6
83 47 4
20 18 2
98 25 16
26 10 13
57 71 18
53 17 16
51 97 19
53 21 7
64 16 17
81 17 16
22 74 18
37 42 4
47 14 9
44 81 4
25 36 8
75 66 7
25 68 17
95 40 12
0 30 22
10 93 14
15 9 9
2 9 14
74 100 14
65 37 18
42 93 12
92 84 1
31 36 22
17 41 6
23 0 14
91 95 20
86 30 22
38 73 9
24 34 17
24 74 15
24 93 13
26 74 13
95 72 1
4 47 3
53 93 14
63 15 12
61 70 4
96 80 22
94 72 21
88 47 12
87 17 17
76 19 1
88 49 15
47 94 17
77 101 18
3 40 11
22 26 16
87 16 18
13 38 16
89 95 18
101 7 18
16 59 13
53 91 17
71 101 9
100 23 12
101 76 9
74 56 1
42 97 9
38 37 2
57 29 17
58 3 14
68 85 1
68 9 20
63 85 12
40 88 22
26 46 22
67 26 14
13 64 18
74 82 11
25 2 7
67 55 9
38 45 18
54 21 22
95 4 15
61 13 7
77 98 13
37 67 7
93 32 14
84 25 6
84 61 20
21 93 14
84 69 14
99 15 14
22 88 14
14 2 7
3 73 0
89 22 22
32 45 3
57 52 14
61 3 8
43 22 8
26 19 3
22 6 7
103 73 9
73 49 2
24 25 8
9 5 21
86 49 15
3 61 16
71 17 16
74 75 18
61 28 20
19 90 20
88 65 13
63 102 11
30 44 15
0 48 15
53 72 14
0 95 3
54 3 12
79 44 8
54 68 18
19 62 16
14 42 4
47 67 20
66 40 7
93 2 3
62 3 6
99 0 15
98 103 15
15 75 9
74 70 4
64 70 21
14 58 3
96 46 8
37 44 11
41 103 16
70 80 15
22 78 14
9 43 8
60 37 16
67 60 16
27 49 14
63 83 2
65 92 18
93 4 2
64 86 14
80 57 1
38 80 18
5 88 13
95 2 17
13 67 0
25 26 14
103 52 15
38 103 8
9 27 12
52 15 3
44 30 22
32 83 22
97 98 13
56 100 22
29 96 21
103 76 1
86 59 22
46 97 18
93 103 22
4 8 13
55 32 8
64 94 7
30 81 3
99 31 13
97 82 15
68 35 4
12 60 15
96 54 1
97 17 4
87 61 18
56 4 18
2 78 1
99 48 7
10 88 0
99 64 17
42 21 17
75 90 4
100 73 13
95 101 18
96 13 0
92 93 18
66 57 7
78 89 1
83 58 1
8 22 18
10 96 9
9 31 8
50 55 14
66 32 13
89 100 18
58 55 4
12 89 21
65 38 14
40 79 21
51 5 19
55 81 7
43 33 14
55 93 14
42 10 13
12 23 17
62 11 20
62 34 14
78 95 18
54 62 20
27 68 1
63 13 13
15 70 16
3 4 11
83 86 3
22 42 16
99 52 15
46 66 14
25 12 2
96 67 19
62 93 22
27 99 14
59 69 16
28 37 16
38 64 18
83 22 15
82 90 4
76 6 18
38 32 6
101 95 3
25 61 12
8 61 7
6 31 8
82 63 8
1 39 15
4 40 8
82 26 8
78 27 18
21 52 15
91 28 4
101 52 16
27 66 4
44 43 2
22 45 16
28 49 12
63 23 6
13 95 14
49 57 18
48 17 7
38 5 14
53 23 18
92 48 12
15 22 15
74 45 18
1 18 0
56 35 7
25 21 15
73 3 0
32 29 8
90 39 14
79 75 23
27 77 1
68 0 13
36 29 22
94 67 4
88 46 8
45 19 3
71 52 9
88 63 22
16 14 12
95 52 18
1 21 16
69 24 14
13 102 8
9 29 17
84 74 0
0 29 15
69 29 18
102 7 14
87 26 7
55 46 12
17 99 19
82 5 14
82 31 8
84 7 17
48 59 13
30 75 16
14 37 7
53 80 18
86 51 17
14 76 9
63 10 11
67 71 20
24 99 21
92 40 22
40 77 12
78 34 17
39 13 13
14 87 14
33 73 7
98 80 14
101 0 16
27 59 0
64 69 16
47 10 16
29 14 15
42 54 4
41 23 17
19 24 24
21 77 4
102 29 7
39 73 22
53 18 2
84 10 22
79 85 1
77 58 1
20 39 18
96 98 8
95 93 16
37 53 9
94 6 8
44 89 18
29 69 13
20 31 18
30 45 16
89 73 8
9 47 3
78 52 16
32 16 7
88 56 12
47 34 22
46 81 9
14 0 8
29 61 16
85 31 15
51 37 18
95 103 14
100 98 13
37 65 13
61 17 7
55 44 22
52 58 3
28 101 6
23 2 14
31 86 14
99 103 7
9 69 8
88 80 14
48 74 16
86 23 4
25 19 12
95 50 1
53 97 14
83 48 14
86 78 16
0 103 2
29 28 12
78 4 14
42 56 3
14 36 7
49 91 17
39 7 12
42 78 14
49 71 16
8 41 6
14 52 8
78 5 3
47 12 6
45 48 13
7 50 1
6 24 4
47 77 4
102 35 7
44 103 14
47 0 9
67 50 18
12 17 7
31 101 14
36 14 6
82 60 22
20 53 8
79 62 4
72 57 21
61 59 13
56 5 14
35 25 12
45 81 3
83 19 4
51 56 4
61 30 17
103 24 4
102 3 7
79 31 15
85 33 3
82 15 9
89 50 18
32 77 4
64 8 13
63 11 4
36 13 9
15 101 18
8 86 21
55 51 4
0 61 12
31 62 3
75 97 15
49 60 0
52 24 1
69 73 22
85 49 22
98 22 22
101 57 4
13 66 17
102 77 4
31 14 14
83 69 15
48 64 18
100 81 14
33 77 3
47 87 17
91 2 14
1 54 21
54 73 8
11 90 16
73 18 16
16 82 17
67 51 3
12 68 14
84 71 20
61 44 22
34 95 19
43 61 18
46 31 22
81 49 8
80 8 13
64 63 8
87 78 14
15 89 18
15 41 14
14 95 3
42 69 8
6 97 22
12 69 13
61 25 15
31 22 8
72 96 18
29 49 7
14 10 9
68 10 22
59 64 6
44 70 16
24 36 19
85 93 8
58 4 9
39 59 7
70 0 18
101 14 16
93 30 2
14 91 14
75 35 17
0 86 7
90 69 22
1 14 15
8 79 14
67 95 18
71 68 4
75 7 15
46 54 1
77 47 14
15 21 14
11 54 1
63 31 8
28 62 20
15 14 18
65 52 18
65 8 22
81 50 14
83 100 8
0 55 12
51 91 20
87 46 14
58 14 9
91 66 19
0 7 11
73 21 9
79 40 12
80 12 11
24 19 20
40 35 17
94 24 16
38 24 0
1 16 16
90 95 18
64 28 14
33 9 14
33 102 0
70 18 13
78 76 9
93 21 22
96 85 3
55 31 13
12 16 16
36 86 7
38 43 11
72 11 3
63 80 16
12 36 15
78 14 16
13 1 6
22 83 22
54 100 18
102 74 16
86 95 18
0 2 19
92 74 12
8 77 4
102 64 18
61 66 18
71 50 14
50 42 21
98 69 14
3 38 16
29 55 1
86 29 22
85 15 1
7 45 21
48 75 18
96 45 4
21 96 4
36 21 22
69 14 14
30 72 12
45 24 14
5 83 8
40 10 13
45 8 13
2 5 18
93 22 0
56 84 21
75 2 4
85 46 13
3 91 3
55 39 17
21 103 16
11 45 14
80 101 14
44 54 17
69 56 17
10 59 11
55 83 22
63 79 12
61 103 16
57 91 7
84 9 4
43 94 16
51 30 12
22 37 14
82 97 22
15 64 9
98 77 18
94 19 17
103 88 15
10 30 18
94 98 22
98 90 16
18 82 14
20 59 18
44 84 3
93 73 13
74 83 22
74 50 4
85 13 22
28 99 9
15 10 22
3 72 14
28 6 22
2 32 12
83 52 18
102 83 14
3 102 7
66 5 9
18 6 14
29 83 22
28 56 23
14 79 3
10 73 0
103 56 7
82 48 11
86 2 6
30 34 15
87 72 9
65 23 4
102 91 17
38 89 12
16 90 0
11 1 22
53 101 0
46 77 3
45 33 4
101 45 4
2 68 18
91 1 18
65 16 14
32 97 14
96 41 15
62 59 17
13 60 22
38 56 1
60 56 12
51 6 9
52 62 9
0 39 4
0 42 4
62 60 12
51 57 20
63 97 0
17 91 17
86 61 0
65 22 15
11 4 14
52 25 8
82 67 4
36 32 22
53 84 21
50 29 14
21 99 6
22 103 11
73 15 18
49 72 4
56 71 1
87 43 16
59 3 18
89 27 18
2 99 9
86 88 6
17 36 0
93 37 13
100 56 14
7 84 17
49 4 18
102 5 14
66 84 14
100 29 22
23 39 16
63 7 0
55 23 17
22 90 14
93 95 1
2 62 20
11 40 22
33 70 3
10 7 14
88 45 14
17 102 8
46 44 13
41 7 14
8 96 0
39 38 13
100 40 2
89 87 4
86 64 4
1 98 15
14 13 9
82 47 3
61 86 20
96 103 15
12 92 21
102 27 22
22 36 14
64 24 4
38 62 1
94 70 21
95 22 15
95 78 18
38 6 18
53 48 16
9 100 12
91 68 9
103 32 6
18 95 18
81 99 19
85 44 8
47 1 6
23 18 22
14 45 4
26 0 14
63 17 3
58 77 16
26 73 22
40 92 14
28 58 17
17 26 18
59 43 16
4 70 21
18 74 0
11 53 12
46 58 3
100 28 3
24 38 15
39 16 17
98 10 15
53 66 17
30 79 21
1 93 14
68 25 17
53 64 18
39 102 13
64 71 3
2 75 14
44 78 18
26 30 8
14 94 4
86 1 6
68 48 22
29 7 14
10 87 17
55 98 15
50 1 14
17 80 18
92 66 14
27 31 9
39 84 4
78 45 4
37 82 14
54 60 8
68 94 9
27 87 9
1 22 11
35 34 22
8 11 4
86 54 6
50 19 4
11 100 18
69 86 14
41 73 0
95 18 13
0 67 19
22 67 4
94 56 17
12 15 4
91 69 16
78 55 20
88 28 7
88 69 22
20 27 22
3 101 22
52 93 13
47 82 18
11 47 20
55 71 7
69 51 21
103 68 14
72 59 15
75 52 14
92 33 16
34 51 16
78 87 4
72 34 19
88 62 9
55 0 12
102 56 16
11 48 12
19 57 18
74 23 18
69 88 14
45 35 17
80 33 4
76 36 12
45 93 12
1 10 8
2 96 1
67 8 0
42 52 14
52 82 22
13 73 0
56 85 14
8 74 16
57 20 13
78 101 8
73 101 7
76 38 16
44 25 18
9 103 17
85 20 22
90 76 20
6 18 22
54 17 20
10 48 16
100 32 14
84 38 12
52 78 1
81 25 12
12 73 9
8 60 22
24 11 19
92 63 14
23 78 4
62 23 18
96 56 9
9 60 22
65 62 4
22 35 17
72 41 22
73 9 14
37 97 18
98 36 8
93 62 14
33 39 14
39 100 12
65 26 15
25 43 22
3 60 15
2 13 9
64 97 15
86 25 19
98 42 4
94 18 14
1 42 17
14 100 13
51 25 17
49 11 12
9 24 14
14 32 15
17 5 14
7 52 18
30 2 4
69 7 9
81 42 18
4 73 22
97 59 0
54 2 16
72 47 4
23 80 16
89 36 16
13 46 0
71 5 14
48 37 15
48 25 15
48 99 6
98 60 8
59 10 11
60 62 12
87 65 12
66 48 13
9 77 20
26 89 4
89 91 4
92 44 17
87 28 4
39 22 7
59 91 1
9 84 4
8 39 18
74 78 4
71 98 12
34 52 11
86 89 16
101 66 14
71 41 6
52 3 22
74 60 15
0 44 13
101 13 0
7 29 22
73 82 14
26 82 8
89 61 4
63 64 16
65 3 14
22 51 12
59 8 13
48 98 2
94 93 9
22 10 13
94 31 8
7 0 11
26 6 16
39 83 12
24 16 21
42 14 14
68 77 1
35 70 4
56 33 9
8 87 17
75 70 21
62 20 8
20 10 16
52 36 19
55 22 17
56 63 18
93 66 4
59 39 6
71 97 22
29 76 1
49 20 16
4 54 4
93 14 18
36 62 12
28 7 17
21 24 4
65 102 22
4 87 1
46 96 16
11 86 7
33 4 14
4 57 1
24 53 0
70 7 16
26 96 14
70 21 14
30 78 14
1 103 16
95 73 13
80 67 4
37 99 9
73 2 7
1 44 22
3 67 9
83 23 21
7 77 7
32 75 3
16 38 16
43 47 17
64 29 17
32 73 0
72 63 15
69 15 21
100 1 22
55 58 14
67 98 16
77 9 20
13 101 0
78 65 17
88 18 8
84 77 18
88 37 8
94 11 4
90 46 8
25 90 1
75 100 12
34 26 0
72 28 3
31 71 3
72 88 13
27 52 18
89 9 14
28 103 12
95 66 9
96 20 0
38 74 8
78 50 3
5 77 1
79 91 20
101 30 22
27 25 11
35 57 17
97 78 3
60 45 14
47 90 20
19 84 21
11 8 15
32 53 19
74 34 22
50 54 3
16 49 7
100 61 4
4 6 16
78 17 9
93 67 3
68 14 18
101 21 22
90 86 1
84 30 14
33 36 8
3 1 16
73 40 14
48 41 16
92 64 14
52 21 15
61 15 4
80 17 3
11 101 16
57 101 14
77 41 14
86 39 4
50 58 1
28 10 22
38 13 8
68 93 16
20 89 0
51 93 19
2 28 1
80 88 22
43 92 4
25 48 15
41 68 14
2 41 12
55 61 16
84 56 23
48 6 11
8 47 16
40 70 21
37 15 3
46 73 7
89 3 22
89 40 14
96 74 15
38 59 13
100 38 22
97 6 15
26 71 3
91 27 9
95 54 3
96 76 9
55 38 8
71 76 16
13 85 14
56 20 16
75 103 17
46 38 0
76 8 8
88 72 18
26 54 4
72 84 3
103 94 3
96 58 3
44 75 0
45 5 21
76 11 20
94 82 8
50 79 16
61 4 17
25 45 14
4 16 17
83 97 8
78 30 22
22 24 14
42 30 8
18 30 22
1 81 7
27 79 7
96 59 14
22 100 0
91 19 17
26 88 22
24 86 7
54 10 15
96 33 1
32 86 0
69 28 4
102 50 14
82 39 16
92 86 7
44 67 3
71 0 9
7 82 15
33 31 22
74 41 16
40 86 14
87 15 20
29 39 17
87 58 20
8 3 6
19 26 18
23 20 13
89 23 14
80 25 22
60 67 1
49 31 18
28 89 6
33 99 21
79 86 3
59 25 14
60 51 3
57 13 13
57 75 1
78 1 12
5 9 21
65 68 6
84 76 23
88 73 7
65 48 14
77 68 16
73 95 18
99 54 9
82 84 14
88 11 7
26 39 16
18 42 4
26 66 6
89 34 17
97 20 22
34 7 6
21 88 15
4 42 1
87 57 7
51 38 14
52 54 19
36 30 14
12 29 8
15 59 0
53 90 14
24 101 13
7 1 22
82 65 15
12 56 7
72 61 4
21 0 15
103 27 14
55 15 4
71 9 18
30 0 14
48 26 18
75 87 7
9 92 4
35 72 4
3 90 23
80 38 13
37 47 9
84 24 6
23 94 7
96 15 3
17 8 8
13 51 14
36 67 7
26 2 4
62 43 18
85 63 12
60 16 4
6 42 1
49 97 22
47 64 18
15 77 16
36 85 17
88 43 22
19 5 14
28 53 22
82 57 1
9 15 9
96 68 18
91 32 17
97 23 21
47 96 9
42 82 8
34 71 4
54 69 14
62 68 4
28 75 4
37 29 22
89 6 14
21 67 9
94 66 14
45 7 15
19 50 14
27 75 12
54 34 17
102 90 0
17 101 9
70 88 17
31 67 4
20 88 0
95 41 14
76 80 18
3 26 11
92 50 18
18 101 16
12 64 17
91 97 9
53 33 0
57 95 20
12 75 17
67 72 18
43 44 2
15 55 14
16 40 17
24 52 16
37 74 22
37 46 16
97 64 21
67 92 16
13 26 18
94 23 14
80 13 13
88 59 22
84 53 22
41 38 8
4 65 15
20 23 18
38 36 2
29 45 17
71 15 14
97 5 1
86 92 6
83 14 18
28 31 14
23 45 16
48 83 22
58 40 9
99 72 4
34 25 18
102 85 14
91 41 18
5 102 22
103 54 21
97 84 17
55 20 7
94 16 9
20 57 18
30 11 4
96 21 15
82 101 14
44 50 16
66 98 14
80 96 14
20 86 21
23 3 17
45 82 16
73 87 14
97 14 11
36 56 9
80 28 14
25 28 7
61 79 4
25 101 16
30 46 14
48 24 21
5 3 14
81 76 16
6 94 1
69 44 2
60 36 16
86 57 4
12 40 11
68 7 8
57 58 9
76 90 21
80 91 7
92 45 14
35 76 1
74 66 18
45 66 7
46 16 0
40 18 22
44 88 18
46 70 3
18 36 8
12 46 0
16 37 15
23 72 21
55 60 15
66 31 19
85 9 3
39 63 8
59 87 1
55 78 20
38 15 4
64 82 16
97 13 22
50 38 22
21 42 17
7 70 1
97 30 15
8 52 0
9 81 3
26 65 22
3 100 14
17 46 9
50 5 1
86 5 17
25 70 17
56 55 7
33 37 8
65 50 16
29 88 15
2 25 7
51 43 15
18 92 1
20 70 14
2 100 18
97 24 18
58 47 4
70 26 15
35 58 14
75 78 4
44 13 22
69 18 22
101 84 7
32 70 4
41 33 16
91 31 16
59 88 14
102 101 0
88 61 12
41 22 13
82 40 8
94 3 18
94 71 3
69 33 14
56 97 14
5 97 8
19 64 18
61 10 8
78 81 9
69 78 14
8 81 16
41 87 3
28 102 22
45 20 13
75 26 16
5 103 14
96 2 1
0 79 3
73 99 0
69 19 17
41 6 11
38 10 8
8 17 16
101 17 9
76 43 18
11 78 16
33 79 3
49 98 0
35 19 7
9 12 17
94 51 21
4 55 17
56 15 14
92 100 18
16 39 17
73 47 12
102 28 21
33 18 16
76 97 14
67 103 9
27 74 22
40 41 11
101 41 2
38 52 0
28 50 17
20 75 18
68 56 14
41 101 15
18 52 19
64 3 17
87 1 18
10 75 18
0 75 4
83 45 21
82 85 21
62 18 12
69 93 9
90 34 17
61 27 14
14 11 7
100 52 18
10 81 1
99 89 9
66 63 7
23 61 20
19 13 16
3 13 7
50 44 8
2 97 18
44 52 18
67 94 10
42 76 3
54 74 12
18 72 17
11 70 18
23 56 3
2 92 1
17 6 18
14 49 0
49 55 6
61 63 13
0 59 22
89 81 20
10 80 18
42 9 1
36 50 17
5 2 3
44 91 21
38 99 6
2 89 1
2 21 15
78 72 3
40 93 0
10 25 0
27 29 22
19 101 9
51 72 7
3 62 7
67 16 9
93 35 4
16 71 7
58 57 9
17 43 18
100 103 22
30 58 21
8 28 21
100 85 1
101 77 3
86 91 14
76 14 9
76 75 18
5 79 16
3 83 22
9 38 13
31 87 1
91 60 14
30 65 15
79 43 15
93 89 3
33 21 12
7 93 16
5 8 22
27 100 8
6 36 22
38 95 14
95 32 22
72 46 18
69 36 22
74 77 4
49 64 18
74 103 16
23 29 17
93 42 12
79 27 7
37 9 14
40 37 22
85 66 9
78 15 3
76 85 14
62 21 6
20 65 14
93 25 2
6 87 7
83 74 14
85 99 4
24 89 19
76 28 21
78 96 16
15 7 19
47 51 14
103 85 4
51 35 10
33 103 12
15 54 18
26 101 14
29 5 4
65 96 18
78 7 18
91 47 17
37 40 14
32 102 7
79 84 17
29 78 21
27 50 7
28 59 22
42 38 17
84 16 17
95 86 3
13 32 19
97 55 4
56 96 9
17 1 6
90 5 18
22 101 14
74 43 13
4 58 9
79 67 3
39 3 17
99 92 9
72 33 18
12 78 12
88 41 15
9 78 4
76 51 4
44 16 14
92 7 18
94 8 13
59 99 18
91 3 18
92 32 12
38 77 14
77 10 14
71 27 22
53 11 21
79 22 15
31 39 16
70 75 21
80 32 18
10 51 4
39 5 21
47 28 21
45 86 14
81 54 20
80 39 16
66 77 9
98 6 14
31 100 9
53 56 16
20 46 0
28 5 18
49 48 6
68 69 9
16 5 4
41 69 13
86 32 0
1 26 11
38 2 12
48 69 13
37 5 18
80 46 22
13 97 14
73 52 19
43 56 17
67 93 18
58 98 18
58 86 18
28 82 22
70 27 7
15 35 14
62 98 12
46 35 0
29 43 13
68 67 3
4 17 3
31 3 18
7 33 3
78 79 18
90 84 19
70 77 1
21 6 11
24 13 0
16 52 22
82 14 14
91 46 22
70 99 14
6 3 11
86 36 6
76 86 20
6 25 22
95 99 4
6 9 1
49 22 11
43 52 14
13 43 18
16 100 14
82 37 22
19 33 24
25 69 22
27 1 22
67 65 18
43 95 21
37 79 17
42 98 14
49 68 4
65 15 16
57 99 18
24 7 13
9 6 16
63 22 7
93 33 3
60 5 18
16 99 6
79 61 14
95 25 17
96 47 9
18 3 15
51 79 19
62 0 9
101 89 1
84 6 22
61 64 17
17 28 20
20 14 15
71 74 6
18 37 8
0 71 9
82 44 15
62 46 9
77 57 20
88 84 7
48 44 22
2 58 3
37 0 19
65 77 16
100 93 8
68 30 0
65 72 16
82 102 13
1 30 11
3 57 17
13 88 0
61 84 20
45 42 1
55 42 17
22 55 17
91 24 14
70 25 17
102 57 18
72 36 13
97 42 9
82 99 18
84 31 14
83 36 11
69 23 6
10 9 18
41 13 7
19 66 17
3 58 4
99 56 19
80 82 8
16 20 7
51 18 18
29 65 22
55 69 13
102 100 22
9 34 0
28 80 22
91 11 14
71 10 16
17 88 9
69 6 16
48 100 14
33 72 3
43 85 21
88 102 2
103 92 21
84 2 16
97 87 9
40 63 7
23 26 16
39 30 8
16 8 7
2 16 21
56 11 20
0 78 1
36 11 1
34 85 19
62 52 9
35 69 13
57 92 14
31 52 14
73 11 16
33 68 18
5 72 1
90 93 18
59 76 17
91 43 16
5 100 8
30 28 4
7 35 4
5 62 4
66 21 13
49 16 6
18 102 0
73 41 0
66 6 7
81 36 9
17 63 18
72 1 22
38 100 14
46 36 8
66 97 15
84 13 22
61 41 8
13 16 7
37 54 1
64 60 22
60 6 14
89 31 22
43 8 13
97 8 22
9 68 20
98 35 21
35 2 20
19 46 12
100 0 13
83 55 14
22 63 7
27 45 12
74 47 1
93 88 11
0 18 8
43 15 21
81 13 16
55 3 8
27 38 22
92 19 20
37 61 4
52 51 18
0 27 13
96 82 22
85 2 17
1 3 8
95 100 16
52 42 4
99 102 19
22 77 4
100 77 1
22 17 3
39 48 17
89 74 12
16 77 4
72 19 4
92 10 15
34 90 18
68 52 18
37 52 19
25 11 7
43 9 16
89 75 14
24 46 8
66 45 7
58 42 23
84 93 18
18 100 18
24 1 15
19 100 22
33 83 13
16 93 14
5 52 18
36 80 14
83 65 8
95 59 0
7 89 3
22 87 1
75 82 8
10 31 18
91 26 6
69 59 8
34 33 18
90 62 20
49 42 17
59 72 9
47 63 17
82 87 7
16 27 14
73 30 14
45 85 21
28 100 18
43 12 18
66 14 22
28 78 6
1 83 22
58 8 22
67 5 18
56 89 9
21 1 8
9 4 8
1 80 11
52 31 22
55 80 17
62 4 18
4 76 17
100 46 13
91 73 22
4 101 14
93 55 4
1 86 0
83 94 21
80 35 17
34 6 15
49 78 12
100 19 14
25 40 14
33 53 0
67 33 19
95 74 14
30 59 7
22 8 13
15 29 14
63 19 3
92 12 12
88 96 16
101 33 1
34 20 14
75 79 21
44 71 4
60 80 14
61 34 22
79 23 20
70 3 22
92 24 19
37 31 14
15 30 15
82 68 18
41 70 4
30 1 11
78 40 22
13 80 18
9 75 1
8 69 18
35 18 12
14 29 15
82 86 4
101 67 19
41 62 7
32 78 12
54 25 7
79 60 13
71 8 8
3 45 17
90 75 14
74 25 15
56 45 18
70 79 1
50 7 8
103 89 21
14 55 0
60 41 22
57 61 17
52 81 0
68 34 7
81 38 16
99 49 7
6 78 4
44 79 16
81 9 18
23 30 8
79 82 15
70 17 4
82 76 3
22 23 16
34 92 17
12 65 22
92 20 15
11 93 18
49 17 1
67 22 14
60 78 16
21 36 15
34 17 4
24 28 7
39 1 17
12 1 8
61 33 20
86 47 4
25 42 4
77 15 1
78 70 3
49 45 18
20 38 16
61 55 1
58 94 24
63 89 4
24 33 1
24 49 9
102 95 14
53 69 18
60 0 6
48 70 4
18 22 22
94 75 1
55 95 4
97 80 15
65 20 22
15 98 18
74 53 8
91 72 20
72 26 15
14 63 22
69 55 18
24 95 3
11 16 21
26 47 3
100 27 16
87 12 18
10 34 22
25 86 19
70 35 14
13 37 15
25 7 18
13 82 18
71 94 18
61 36 15
55 76 1
20 72 14
21 4 11
91 10 18
39 98 22
10 1 16
51 58 1
7 54 3
93 59 9
98 65 13
76 42 18
78 62 9
3 87 3
16 66 18
1 13 7
100 43 9
73 97 18
45 22 8
30 91 14
100 3 22
92 14 19
70 36 17
46 69 22
76 70 14
6 70 12
80 42 1
38 81 1
27 0 13
20 16 7
75 50 21
64 32 18
40 21 11
95 8 22
24 14 16
63 42 1
63 86 4
27 70 7
103 16 16
65 46 11
22 81 3
34 102 14
32 12 7
67 54 16
85 16 14
45 29 17
13 18 0
22 20 13
52 46 8
84 33 6
62 48 6
6 100 22
5 68 14
46 84 7
26 28 4
6 57 1
80 31 8
41 0 15
14 102 9
19 55 6
29 35 1
70 38 22
44 37 11
91 21 18
4 23 1
93 94 9
22 48 18
67 17 20
23 11 14
96 99 21
29 57 17
76 54 20
94 61 20
14 6 22
101 96 16
18 91 4
3 29 8
79 78 18
93 64 12
10 78 0
93 16 4
4 67 4
39 26 8
94 78 16
84 57 4
8 91 17
50 23 20
56 3 7
20 5 14
5 98 13
28 36 16
101 54 1
40 29 11
6 15 9
49 74 6
84 43 14
9 96 14
36 77 18
8 12 6
18 0 16
8 80 18
21 64 17
21 7 14
58 73 13
34 31 15
38 28 12
68 89 3
46 85 3
97 71 14
63 21 18
59 89 14
102 14 15
91 85 20
37 70 17
90 24 19
10 45 18
76 7 14
3 10 8
71 23 18
55 87 3
40 48 13
7 9 21
15 66 9
31 26 16
0 37 14
69 71 3
35 98 15
96 37 8
89 2 16
12 52 15
65 70 16
89 51 3
54 8 15
3 50 4
39 74 17
84 78 6
39 40 8
32 1 7
15 44 8
52 4 14
26 91 7
52 26 22
90 52 19
48 67 4
29 80 11
74 26 18
90 26 14
10 50 14
5 45 21
27 22 0
40 56 3
74 101 15
23 16 17
18 56 0
76 18 15
100 96 3
55 25 12
66 25 14
47 7 14
1 12 16
20 58 14
73 26 14
51 53 22
88 87 4
6 14 14
55 19 7
75 11 4
45 17 3
48 38 16
87 32 17
43 36 22
7 53 22
90 32 0
36 0 19
80 74 8
100 31 9
93 69 9
94 40 7
19 35 6
4 92 4
87 29 18
33 60 8
97 51 19
48 7 14
20 92 4
78 35 20
91 29 18
41 54 23
74 57 18
48 8 8
84 51 18
97 40 15
41 85 4
80 83 22
18 34 11
31 37 22
32 52 15
63 36 22
33 54 1
45 18 22
91 36 14
12 59 13
53 77 4
20 13 8
21 10 8
77 16 14
15 1 14
97 54 3
28 69 14
90 88 17
83 41 14
27 14 18
102 43 18
55 14 12
23 49 13
15 47 4
26 45 1
90 53 0
51 33 18
76 0 9
51 48 22
88 17 9
17 29 6
1 5 4
21 3 8
30 22 16
26 32 18
52 14 16
99 87 3
60 20 15
14 3 15
28 14 19
15 43 12
53 89 0
86 71 4
64 55 17
99 86 20
95 46 18
44 98 18
53 51 14
29 84 12
48 80 11
85 51 19
68 63 15
58 51 16
98 76 12
3 84 20
16 64 17
1 92 12
48 55 1
82 43 8
43 23 6
84 60 16
25 17 9
31 64 6
31 97 9
83 7 8
28 33 6
12 51 10
25 10 2
100 97 8
94 55 18
53 12 7
84 46 6
21 68 14
83 12 14
61 23 17
57 98 22
84 15 17
54 24 19
96 35 20
58 87 24
102 40 18
70 47 4
33 17 9
36 23 14
90 45 14
17 49 8
48 23 18
32 93 14
58 52 18
12 20 7
8 24 0
90 87 14
35 4 17
76 94 18
38 70 14
24 51 18
37 27 18
52 6 22
45 52 14
53 14 9
102 18 0
73 86 1
56 83 14
40 25 22
69 63 8
45 91 7
34 40 0
41 102 7
13 53 8
73 44 18
54 79 18
34 3 14
4 86 14
94 39 21
97 46 13
54 19 20
87 53 17
37 4 14
90 59 14
73 19 12
54 94 14
42 91 1
96 10 0
82 13 13
17 53 8
95 23 20
59 75 6
90 98 8
18 103 15
1 52 22
1 75 17
47 80 18
29 19 7
84 103 12
41 18 15
35 92 20
81 34 22
3 88 15
95 67 3
83 92 3
43 69 16
87 13 17
32 88 15
20 81 1
77 61 14
56 42 18
52 2 19
95 6 12
19 80 18
93 90 3
2 52 19
59 33 14
64 78 4
25 41 15
54 46 16
24 84 7
37 17 12
88 89 1
6 40 8
6 58 9
37 59 22
96 79 3
32 60 0
97 89 3
2 24 19
66 49 17
5 55 14
57 60 22
18 60 8
47 40 18
22 62 3
15 31 12
56 67 20
36 27 18
30 102 13
50 47 4
35 88 15
82 54 4
93 91 9
57 94 7
88 86 19
1 62 7
93 39 12
49 95 14
71 6 18
90 9 14
86 8 22
41 35 1
54 84 1
92 94 14
54 88 7
23 50 21
38 67 4
79 51 19
58 18 18
101 98 8
34 13 14
15 99 4
51 88 17
46 95 3
58 13 22
65 40 22
16 9 17
8 23 18
90 14 16
85 22 15
67 56 20
49 63 13
87 10 17
42 16 17
74 97 14
71 95 14
80 97 22
67 49 0
49 66 17
77 37 13
50 6 12
40 82 16
31 59 8
10 27 14
17 78 9
5 7 8
16 12 8
22 14 14
27 39 12
36 57 14
11 24 19
98 18 16
92 56 20
86 43 22
72 40 15
98 54 1
8 62 16
70 6 12
60 38 2
93 56 14
34 72 19
58 89 18
49 19 16
11 30 14
57 5 9
23 35 17
73 48 0
6 86 14
69 47 17
17 100 22
90 58 3
33 44 13
59 67 4
25 37 8
10 22 18
79 80 15
61 2 21
16 72 14
7 63 9
45 75 1
79 42 21
30 95 21
33 28 7
84 47 23
82 11 4
55 96 20
41 2 23
102 30 18
58 37 18
48 31 13
43 50 21
98 52 19
14 73 19
31 68 9
40 11 14
15 45 9
17 86 21
21 5 4
68 53 22
80 93 22
94 102 13
86 97 18
43 103 18
8 88 2
98 28 1
2 30 14
98 49 0
50 34 19
5 49 22
52 83 13
58 26 9
82 62 3
6 64 1
71 51 14
60 88 16
60 102 15
26 34 0
31 92 4
16 101 12
41 94 3
98 82 14
22 0 14
100 67 3
57 89 4
22 92 14
65 88 18
23 57 1
74 11 12
49 24 9
56 66 17
45 58 9
5 21 14
69 68 9
45 49 13
23 79 21
18 29 15
82 80 16
8 94 18
37 16 4
71 43 18
84 49 0
75 40 8
41 50 4
32 26 13
24 57 14
82 16 17
43 51 21
76 60 12
51 8 22
82 3 11
11 57 4
10 99 19
65 24 18
64 58 9
60 91 4
43 30 8
44 24 18
20 11 4
72 102 22
16 62 7
25 23 14
29 31 13
80 34 15
8 103 6
85 32 22
7 99 14
29 13 7
69 20 13
72 29 22
16 44 22
90 22 22
54 32 12
47 42 18
5 58 1
18 21 0
24 100 13
54 80 14
35 59 13
40 73 14
94 0 14
27 47 14
88 64 14
12 96 21
85 39 20
68 90 3
77 86 17
7 6 15
83 66 0
93 47 14
88 10 15
84 18 19
7 60 13
35 84 20
51 86 17
80 36 22
38 72 14
10 65 14
74 99 6
48 12 8
6 38 13
21 18 0
77 8 14
81 6 18
40 47 3
77 60 17
61 83 22
16 79 4
39 53 13
102 52 0
39 32 18
48 85 4
86 52 16
65 0 18
65 94 4
71 102 8
55 7 14
53 26 18
0 100 13
35 78 20
35 13 7
52 1 15
81 10 16
69 100 9
43 62 3
99 32 8
67 76 20
7 100 16
8 45 18
39 86 4
92 41 12
67 88 6
69 83 15
11 29 22
90 66 14
1 82 18
19 67 20
74 71 7
92 28 1
30 27 2
16 19 7
19 34 22
52 59 22
51 49 22
92 82 14
70 2 17
59 13 13
46 40 14
3 21 16
48 97 14
22 80 16
30 38 11
77 50 16
97 65 7
30 69 16
42 90 4
100 63 15
99 74 7
82 93 22
6 44 15
20 32 19
33 14 16
43 77 4
83 4 2
84 35 20
64 54 4
43 74 18
59 21 18
26 3 11
6 49 13
68 21 22
64 81 3
39 82 8
87 66 19
59 2 14
23 92 14
48 65 22
88 3 15
41 45 17
68 38 22
65 82 22
39 75 1
101 27 18
13 93 22
1 7 14
83 5 1
0 58 3
16 92 21
38 79 14
78 23 4
25 95 17
29 68 14
21 82 11
6 88 22
84 44 17
103 51 14
66 46 22
65 86 17
24 63 22
25 29 15
76 10 16
35 28 20
88 22 22
46 23 14
0 89 7
37 73 7
48 81 1
20 95 14
62 51 14
90 38 0
50 70 16
17 37 0
3 80 11
102 62 16
55 17 7
101 90 1
74 55 1
86 69 22
103 20 7
69 89 14
17 15 14
79 7 8
57 62 3
74 44 22
18 39 14
40 3 11
20 21 6
44 28 3
7 73 13
34 18 18
61 16 16
70 52 18
11 68 18
23 19 3
0 52 16
103 10 8
81 39 18
65 69 22
98 9 14
28 1 12
11 37 16
97 100 16
58 76 14
66 69 19
45 47 3
96 87 14
25 14 6
38 22 13
9 14 14
8 56 16
69 61 18
38 8 8
77 79 16
82 35 17
20 3 6
51 40 12
2 65 13
79 100 8
88 34 13
8 90 0
12 19 7
87 19 17
21 56 7
87 101 22
81 8 8
46 61 0
29 33 21
3 33 23
95 36 17
32 10 7
64 5 21
66 39 7
92 57 4
25 15 3
0 11 19
63 74 18
62 63 18
73 53 2
29 38 8
79 29 14
53 71 16
29 63 13
28 66 4
11 25 6
58 0 18
73 61 9
52 5 3
32 2 20
18 11 17
60 82 14
23 74 13
71 93 22
1 2 21
74 9 18
98 48 15
8 84 21
2 87 4
54 97 18
103 35 1
11 81 20
62 42 18
90 37 8
88 71 9
66 47 17
17 72 14
48 21 8
61 11 21
65 75 14
14 96 1
18 98 16
43 37 22
40 80 16
15 95 16
95 33 18
42 7 9
34 99 4
74 35 1
37 34 11
64 43 16
44 76 14
68 81 14
93 79 1
34 81 14
93 99 14
13 55 7
74 63 13
85 42 21
37 68 18
52 0 8
53 15 14
15 3 14
103 30 11
80 58 9
4 93 15
24 29 15
85 100 8
86 62 4
90 17 20
95 14 18
63 14 14
28 13 22
38 20 8
27 73 11
26 51 9
60 17 12
49 58 14
76 88 9
24 68 3
39 33 4
86 21 0
9 56 3
15 5 16
33 46 8
17 21 6
50 15 1
99 69 13
75 77 21
78 68 18
41 91 3
54 67 1
59 19 3
35 65 22
27 48 22
35 74 16
90 83 18
42 80 8
84 99 9
96 75 4
42 61 17
80 22 8
102 39 18
94 65 12
45 36 22
25 84 7
94 69 8
43 54 4
59 56 17
89 15 3
77 55 14
88 95 17
46 0 16
56 0 9
24 48 15
67 69 14
50 13 22
42 2 14
100 41 22
23 52 22
82 24 14
42 4 8
85 43 15
16 70 4
89 21 22
83 20 22
51 84 3
86 50 18
82 20 13
72 89 17
10 52 9
43 3 18
86 99 0
15 53 22
51 66 0
40 76 3
76 2 20
18 59 22
10 47 1
0 74 15
0 73 7
90 94 4
0 45 4
21 17 7
51 55 10
27 60 13
53 86 21
54 42 14
48 54 12
95 83 16
51 29 22
26 53 13
4 11 4
91 87 1
24 37 19
36 5 18
70 19 4
11 97 18
21 95 4
56 41 7
15 97 19
62 103 6
40 54 14
91 59 16
7 23 21
72 80 15
68 87 9
49 12 6
79 52 18
6 62 3
6 19 3
66 94 19
23 71 3
85 5 1
13 91 17
24 90 19
51 39 9
87 4 7
53 30 18
51 2 18
52 67 19
56 22 18
88 50 17
84 20 22
26 43 8
22 3 18
100 101 13
85 52 18
30 39 16
66 9 7
47 60 12
39 61 17
93 100 16
18 50 18
83 40 2
50 73 13
19 75 18
59 90 14
87 67 4
4 96 4
4 102 13
43 26 16
77 56 14
101 11 1
102 58 14
46 103 0
98 21 11
37 39 14
82 69 8
47 15 14
82 64 1
32 36 15
88 39 14
10 37 2
47 23 18
85 4 12
97 10 22
18 25 16
16 1 8
33 62 9
10 102 8
12 11 21
68 45 20
45 50 21
23 10 13
36 100 18
67 19 20
81 31 17
68 82 12
27 40 2
53 41 9
97 67 3
50 43 0
40 101 14
30 25 14
101 46 8
48 11 12
1 31 13
90 18 16
18 15 3
70 22 15
50 97 8
52 102 0
57 82 8
102 67 20
14 15 3
48 27 14
71 66 17
94 37 22
28 65 17
0 31 14
75 39 16
66 17 17
94 4 7
88 51 17
37 32 22
93 74 22
46 43 22
20 40 18
3 35 16
86 15 17
57 23 16
9 98 22
77 84 3
42 62 3
9 22 8
72 58 1
14 23 4
57 83 12
53 61 14
83 21 14
46 98 8
80 71 3
1 88 15
4 77 9
3 43 13
24 76 9
46 57 14
83 46 13
39 78 4
64 80 16
70 66 9
27 65 7
84 98 16
1 84 12
69 16 18
77 81 14
70 43 15
103 82 8
8 82 18
60 58 3
72 9 21
87 71 3
98 1 15
84 11 16
29 101 15
89 10 12
100 62 14
9 20 13
97 39 21
90 2 1
49 84 12
103 17 7
71 92 20
66 59 19
30 13 13
43 97 9
67 40 22
88 53 2
59 11 14
59 101 14
50 25 17
1 100 14
102 80 18
0 87 14
95 27 7
90 28 19
32 31 13
46 12 2
95 57 20
59 12 18
46 30 14
20 60 22
22 75 16
10 91 3
95 55 14
49 61 6
21 35 1
60 23 14
90 20 0
89 16 4
43 75 16
48 0 22
18 78 1
98 3 15
36 3 22
11 13 15
91 70 20
2 42 4
75 88 22
29 64 17
92 38 12
49 15 14
39 85 20
77 3 14
56 9 18
93 31 9
57 2 14
34 97 6
35 51 4
64 25 22
63 62 3
15 65 8
30 6 16
96 36 8
43 16 18
42 75 1
55 66 18
85 60 13
71 14 9
20 43 18
62 29 6
50 78 3
44 56 4
42 48 18
68 59 9
71 12 6
66 67 14
69 26 16
56 70 14
78 47 9
59 77 0
49 86 4
84 41 12
21 80 11
73 13 2
95 26 12
54 58 3
96 5 3
81 66 17
47 85 14
10 46 0
24 18 19
99 39 3
26 40 8
28 4 22
75 92 4
65 95 16
19 103 6
101 61 12
10 72 14
30 4 16
0 94 4
18 5 18
30 73 22
34 39 4
18 4 14
58 79 16
38 4 18
100 71 14
81 41 6
80 4 8
71 46 9
97 68 16
93 63 15
101 4 22
55 74 16
22 25 22
81 60 12
50 57 20
92 96 16
90 80 14
28 57 4
73 88 7
57 32 18
59 51 0
19 42 18
18 7 18
2 67 7
65 80 22
59 20 13
88 52 16
22 70 4
9 102 13
73 83 18
85 17 4
93 65 7
58 103 22
45 97 15
75 102 13
96 3 15
40 36 22
48 16 16
23 81 3
21 28 12
70 54 3
36 42 4
55 2 20
103 59 13
39 47 3
38 61 1
12 76 1
64 31 16
43 58 0
32 87 3
98 61 21
72 68 1
81 52 12
59 1 18
23 67 14
58 59 22
25 50 17
85 73 13
29 54 12
43 20 13
32 5 4
14 18 7
47 70 14
72 64 9
67 82 14
95 9 23
102 11 4
43 96 14
22 2 14
94 35 14
65 101 18
64 92 4
99 95 4
61 51 4
11 82 14
21 38 16
37 85 17
83 49 22
86 56 4
51 89 18
77 93 16
83 53 22
62 79 14
61 65 22
46 37 8
73 35 9
57 88 22
51 44 7
7 90 3
11 66 4
4 52 22
16 10 8
84 80 22
88 8 2
76 73 0
12 35 16
26 85 21
9 67 4
44 7 7
65 45 14
98 19 12
15 81 4
76 102 8
80 6 16
22 85 4
12 61 16
45 46 22
13 72 14
29 89 21
0 84 19
32 59 13
76 99 19
87 39 7
10 85 14
11 52 19
81 14 9
81 89 20
55 37 15
27 26 2
85 91 20
34 14 11
41 26 11
66 74 13
4 50 21
63 71 3
59 53 13
5 25 13
56 24 20
7 3 22
51 32 22
53 3 7
57 11 14
56 80 18
75 45 16
4 14 22
66 0 22
17 10 16
95 60 13
46 45 14
101 55 12
17 79 14
22 28 4
23 15 9
58 81 4
17 55 6
13 81 1
82 52 14
103 8 7
76 13 8
40 75 16
67 66 4
28 9 4
38 40 18
45 39 16
67 91 10
0 53 15
87 8 17
3 96 23
80 37 22
83 72 1
5 70 16
59 100 9
74 84 0
95 29 14
103 25 15
48 34 22
73 28 1
58 67 3
98 45 14
65 9 14
59 83 22
49 32 6
14 77 3
90 67 1
84 75 4
10 57 18
81 19 16
27 37 13
79 94 23
89 52 19
23 21 17
2 91 4
86 65 17
103 50 4
32 8 7
92 79 18
18 71 0
35 41 8
49 23 18
56 30 18
13 52 0
71 99 19
25 39 14
17 71 1
24 102 0
21 61 16
93 5 1
30 40 16
88 99 21
63 90 4
62 82 18
63 41 11
91 67 4
13 10 16
18 38 0
76 93 22
30 92 4
17 75 18
25 22 22
97 92 3
88 29 15
98 31 14
73 91 14
61 6 17
95 68 16
73 77 18
71 20 8
59 30 6
44 94 0
61 57 17
15 61 14
70 23 20
95 89 3
68 101 13
83 29 14
51 67 18
68 72 1
87 22 16
99 67 9
38 47 1
60 40 14
78 92 1
97 4 15
66 33 4
41 72 14
74 5 4
2 69 14
35 32 7
71 103 6
39 12 17
18 40 14
70 92 3
15 23 9
61 37 15
8 51 14
11 41 22
102 96 0
68 55 4
59 47 17
82 92 4
17 65 14
73 94 14
3 30 11
57 69 7
30 33 14
15 57 9
71 69 18
72 30 12
95 94 23
2 40 22
57 28 14
14 56 9
98 75 14
84 32 12
20 55 7
13 5 14
38 48 8
6 53 13
89 7 18
76 5 14
45 15 9
1 41 8
15 26 9
43 32 18
16 102 7
30 101 14
97 35 4
18 93 18
85 98 13
81 5 14
53 95 14
13 68 4
5 94 20
23 27 12
58 91 16
62 24 9
19 27 22
71 70 14
57 33 4
90 4 14
32 65 14
88 77 17
14 60 7
39 103 8
37 77 18
97 36 13
76 67 20
90 77 3
2 7 18
98 26 14
63 68 4
77 103 14
51 101 18
29 58 4
15 52 18
97 63 0
2 27 18
100 64 12
62 61 6
99 28 9
101 102 0
5 4 12
22 54 14
83 32 14
68 64 20
81 72 14
103 3 8
55 63 13
21 26 11
83 57 21
38 93 14
49 8 16
10 18 0
83 73 13
5 82 12
64 42 7
72 55 4
76 35 16
60 14 6
100 36 13
87 89 14
10 0 22
18 90 1
5 73 13
44 59 5
97 11 3
55 34 22
75 43 8
93 80 2
58 5 16
14 20 9
65 100 6
94 48 18
31 47 17
47 49 8
7 30 15
102 93 22
97 26 15
65 13 22
71 75 18
14 21 15
31 78 14
3 92 20
58 6 9
45 84 4
55 79 4
28 17 20
90 21 12
76 62 1
97 96 3
60 39 14
8 27 22
48 79 4
42 3 18
56 8 8
46 68 18
78 58 3
65 29 14
89 17 20
31 2 4
66 24 4
90 96 1
33 12 12
33 78 16
8 85 14
71 49 8
100 69 9
58 71 4
50 53 22
59 6 6
64 74 13
36 103 22
63 100 15
21 43 13
31 63 8
46 71 9
102 12 7
75 57 1
88 26 14
94 47 17
79 6 12
18 83 18
102 76 16
27 95 7
2 55 21
42 22 8
68 24 18
61 91 3
1 60 15
19 12 6
37 23 14
19 58 14
54 57 4
75 95 21
3 64 17
20 69 18
28 43 14
77 87 23
4 18 22
82 46 22
57 63 7
83 79 1
91 62 17
91 13 17
17 48 6
83 77 1
87 91 16
21 47 7
93 83 8
30 32 18
76 1 7
42 88 14
43 48 18
33 98 8
15 68 19
60 18 16
95 19 4
41 96 23
66 51 9
99 9 3
7 34 7
86 70 18
93 50 1
70 60 13
8 102 16
67 7 18
87 54 14
82 83 15
35 52 15
81 58 14
95 75 23
35 37 15
3 11 20
34 43 15
27 43 9
9 39 16
45 31 8
10 11 4
31 82 16
66 100 15
13 24 0
40 50 21
13 31 18
30 64 16
54 53 12
68 57 20
97 76 4
38 25 2
54 6 14
58 99 4
15 2 18
34 75 0
90 27 18
67 80 14
96 39 4
85 38 22
81 102 16
61 49 7
60 54 16
34 57 0
68 62 14
38 12 8
98 39 14
55 86 20
24 80 22
52 22 22
43 66 6
66 15 9
12 97 14
95 76 4
81 0 9
46 50 3
92 81 20
54 30 14
50 21 14
51 3 22
84 40 22
38 41 16
3 41 8
18 55 0
3 14 15
49 75 18
66 8 17
74 32 6
102 84 21
14 69 22
91 4 7
94 49 13
26 58 9
45 88 22
95 96 18
103 64 4
67 29 9
98 20 15
98 41 15
43 84 4
92 101 16
92 0 19
81 84 21
39 54 4
91 50 20
39 55 17
88 78 1
31 40 6
41 95 4
25 63 22
94 81 17
4 69 7
10 61 16
0 1 2
57 17 3
43 45 16
89 99 9
79 19 4
60 4 14
5 57 9
24 42 4
65 97 6
65 64 4
56 93 22
10 38 16
40 87 7
53 2 9
26 4 8
18 97 18
42 26 8
4 10 13
35 44 22
103 83 22
59 66 19
29 85 4
70 65 8
51 103 14
59 73 22
57 18 22
15 6 9
22 86 4
21 48 16
29 2 12
79 28 17
26 27 2
23 1 17
89 94 4
102 60 23
32 90 12
99 98 9
34 86 17
19 2 9
70 30 15
46 52 16
62 91 17
95 97 8
79 9 23
98 12 15
99 93 22
37 102 9
24 67 19
25 83 11
46 8 0
33 95 3
57 0 14
65 98 18
4 85 21
95 17 4
66 3 13
86 19 4
80 18 22
22 9 16
47 46 9
93 86 17
32 37 15
81 98 12
17 31 18
82 28 14
10 19 1
41 52 15
5 92 3
45 55 17
25 60 8
90 68 18
54 18 16
39 101 22
23 63 7
13 78 0
75 54 4
67 30 14
17 70 14
52 75 4
84 79 17
8 98 2
62 95 14
48 72 14
64 99 17
85 37 17
4 44 15
95 92 3
70 61 14
22 53 13
12 21 16
96 44 13
97 56 4
98 40 14
53 39 14
17 52 9
49 90 0
15 36 18
94 59 8
8 97 14
39 41 17
36 64 14
102 23 18
61 56 7
11 103 22
21 12 8
18 9 14
13 3 6
82 25 22
38 91 17
48 5 4
34 45 0
73 75 14
85 56 4
99 78 21
20 66 17
75 56 3
84 55 20
61 54 21
45 74 13
56 103 7
96 73 7
101 53 0
17 81 1
79 72 1
82 38 13
38 102 8
34 19 14
64 10 13
30 50 21
19 1 7
33 27 18
35 10 8
66 35 19
93 0 13
2 57 4
33 87 14
7 12 22
49 51 17
87 21 18
18 28 19
64 93 12
89 24 19
61 90 20
30 16 17
81 1 6
44 12 14
75 34 9
93 3 22
6 98 22
29 87 3
98 33 16
19 72 14
17 20 8
26 103 2
87 56 17
24 83 13
14 33 1
100 4 2
41 11 23
23 32 18
92 42 14
44 19 4
15 90 5
30 74 11
79 30 15
20 9 18
12 95 4
40 68 0
23 36 22
3 74 8
39 24 14
40 52 22
15 67 3
59 37 14
54 95 18
35 15 4
65 103 14
95 64 23
87 45 7
48 28 0
9 41 17
80 68 4
96 6 14
45 61 17
19 37 9
20 56 1
40 16 17
51 63 9
66 11 4
70 31 15
35 27 14
78 103 12
27 101 13
73 56 12
100 39 12
59 28 14
4 49 13
12 33 12
3 5 4
96 43 22
19 23 18
44 82 2
91 39 6
26 70 21
20 64 18
5 6 12
57 24 4
6 37 22
38 57 18
19 17 16
35 91 3
53 65 14
27 41 22
57 84 14
73 29 0
47 26 18
4 60 22
2 98 8
103 9 17
95 84 17
42 49 17
18 14 16
61 58 14
32 94 3
83 95 1
10 13 8
37 2 1
28 41 12
10 77 4
90 30 14
0 14 16
73 7 18
88 31 22
103 77 4
97 25 13
38 27 14
9 2 4
19 78 24
50 48 22
70 100 8
32 91 3
47 4 18
10 69 18
40 31 7
54 13 15
97 57 21
58 20 22
57 39 16
28 84 16
23 48 13
72 87 9
67 20 0
50 41 14
53 88 2
44 32 14
21 65 22
79 89 3
52 39 4
24 26 22
7 14 11
40 67 14
30 36 22
39 58 9
73 16 9
5 23 9
50 71 4
59 15 0
7 92 3
69 82 16
33 89 1
75 1 17
20 71 16
95 62 4
17 34 14
75 86 14
63 76 3
80 16 17
99 53 7
46 41 15
97 16 4
26 13 13
39 34 0
16 83 22
79 5 1
6 45 1
88 79 17
59 7 0
53 36 15
53 54 12
6 26 8
63 94 1
13 36 15
46 72 3
50 101 18
21 98 15
11 58 3
59 71 3
41 78 23
12 84 0
96 1 15
90 99 9
25 24 16
100 84 3
12 91 3
73 76 12
62 102 8
76 92 20
8 73 2
53 6 19
24 0 8
92 65 13
75 73 22
90 55 20
33 74 22
32 89 12
21 84 12
0 66 14
49 21 6
3 86 0
65 79 16
54 78 16
19 97 14
54 22 22
14 12 2
21 31 13
30 94 16
66 34 0
43 21 18
35 90 20
61 20 7
74 69 13
8 54 4
64 56 3
53 7 14
1 19 7
69 95 21
99 42 3
63 69 8
99 55 7
35 73 9
15 76 4
42 46 14
67 52 19
7 16 4
95 5 1
9 70 21
26 48 13
62 8 8
89 63 22
89 66 4
88 2 7
77 29 14
99 88 15
53 4 18
81 86 21
54 70 18
47 66 17
61 21 8
75 59 7
77 13 14
99 37 9
45 67 4
15 73 13
13 34 22
23 60 22
26 92 4
70 48 22
34 80 15
92 80 14
45 95 21
89 39 14
102 78 0
79 54 3
86 31 22
57 93 12
0 101 8
21 2 12
9 71 3
81 47 16
74 38 16
86 58 3
65 14 18
67 3 9
50 8 22
71 47 1
31 77 4
80 92 4
100 78 3
30 48 11
70 33 18
50 62 4
5 86 17
27 13 14
88 74 15
55 70 4
29 53 7
16 88 22
39 89 4
87 100 9
51 26 9
36 17 12
12 22 11
25 80 14
77 38 22
38 66 18
16 95 4
12 88 15
46 1 2
47 79 14
15 12 14
37 43 14
58 48 14
75 64 16
90 70 18
90 48 0
6 81 3
28 15 17
79 38 22
72 24 18
4 61 17
43 70 21
13 4 18
52 16 4
74 22 13
27 72 1
2 10 12
39 20 13
21 87 3
79 77 1
68 33 3
8 6 18
48 9 18
27 80 2
99 38 7
10 66 18
40 19 3
47 100 22
36 35 4
71 91 17
15 93 19
31 48 18
94 86 14
6 60 22
83 88 11
28 77 18
88 7 18
59 78 14
61 42 17
57 35 17
41 39 17
79 56 4
100 14 18
55 43 13
16 85 4
58 84 17
95 49 22
50 45 23
4 32 18
48 3 16
86 0 16
65 21 14
7 51 19
102 17 16
70 45 21
5 38 22
72 86 3
63 4 16
33 40 14
33 91 14
57 73 14
60 12 22
31 30 16
58 80 9
20 67 0
6 12 11
58 82 9
102 86 21
33 75 14
47 17 16
65 41 14
87 92 14
74 33 4
22 38 18
94 79 9
100 7 8
89 42 4
73 27 11
74 6 11
81 18 12
20 50 14
7 81 4
29 91 3
79 93 8
34 22 15
70 41 22
87 75 7
1 68 14
36 99 9
24 30 22
62 45 18
19 94 17
5 81 4
37 3 22
76 101 9
74 88 15
2 15 3
14 30 22
13 50 14
75 51 9
84 81 23
71 2 24
59 86 14
24 91 4
91 17 17
73 96 7
73 12 9
14 103 2
94 57 16
84 73 16
39 27 12
7 55 4
89 20 0
4 94 7
81 20 16
5 89 3
37 76 12
95 38 14
99 57 3
64 18 22
14 61 0
17 59 17
14 68 3
55 65 22
21 23 17
85 94 21
73 64 14
49 14 0
26 67 4
91 45 6
46 76 9
10 64 18
38 76 1
96 72 3
102 41 7
102 9 18
15 62 4
82 23 1
9 1 17
99 71 19
70 103 14
102 42 18
91 99 3
72 69 15
86 90 16
30 20 13
30 85 21
40 17 3
14 5 17
33 96 16
20 34 22
4 26 16
28 34 17
11 92 1
19 69 17
3 46 15
7 83 8
44 14 18
39 25 22
83 67 3
97 66 4
71 22 18
77 40 0
101 80 22
39 35 17
93 96 3
70 40 12
60 33 18
31 66 19
66 72 9
45 38 13
26 79 21
53 27 22
62 80 18
10 24 9
99 79 4
45 12 17
5 78 18
52 17 9
80 3 11
103 7 14
39 15 9
19 47 1
60 94 14
70 69 15
101 35 12
44 92 17
94 7 9
45 41 17
100 90 3
28 87 14
40 26 16
33 24 16
34 0 11
77 97 7
36 82 14
81 64 18
61 95 4
68 54 3
99 21 7
34 79 19
23 44 15
81 30 18
47 27 22
100 12 22
102 81 1
73 45 14
31 93 9
65 73 13
6 50 12
75 8 13
94 74 18
68 4 12
5 13 22
30 68 0
70 82 15
29 25 15
67 75 10
12 4 11
99 24 21
24 50 3
56 86 21
43 80 16
62 78 9
87 41 18
24 77 17
71 24 9
59 22 16
46 10 0
56 64 18
22 65 15
47 35 6
18 53 0
55 72 4
51 15 16
71 72 14
81 48 16
52 34 11
23 90 4
66 78 4
99 77 4
20 44 14
13 96 0
79 57 20
45 25 22
69 80 16
20 82 18
55 91 3
71 45 18
52 40 14
6 4 8
23 43 7
35 80 17
45 32 18
45 98 22
60 98 16
13 23 18
61 67 9
44 68 7
51 45 9
21 92 12
32 80 13
83 17 4
20 48 16
31 38 11
29 75 17
97 9 21
74 93 14
43 29 18
15 34 8
5 67 3
54 37 16
42 47 3
16 31 13
51 78 18
51 94 21
50 30 15
7 65 7
30 87 7
15 87 20
85 30 15
84 88 6
60 24 19
81 11 20
30 99 18
76 41 16
59 50 4
82 0 14
93 26 2
99 60 0
25 5 3
89 72 17
79 33 18
51 102 22
57 80 8
95 48 14
98 51 3
12 81 7
99 101 9
3 81 7
60 30 14
56 94 17
81 68 4
89 70 18
36 33 16
51 21 14
95 70 16
39 91 7
80 51 9
83 103 14
33 88 8
72 42 21
74 92 12
55 90 20
54 40 22
89 29 22
61 46 12
27 44 7
82 72 12
11 6 14
72 14 18
3 77 4
103 26 11
16 65 22
102 94 18
0 82 22
1 78 0
88 75 14
33 84 7
37 38 2
61 94 3
46 42 4
35 85 4
49 54 4
20 102 8
21 81 7
92 36 16
93 61 4
80 89 4
44 42 12
41 27 14
41 64 17
60 2 16
45 1 17
59 95 6
32 85 4
81 67 20
26 33 4
79 32 22
10 54 4
86 35 0
31 16 18
7 64 21
103 38 16
38 23 18
90 103 12
27 76 14
85 1 14
90 72 17
14 98 7
13 100 22
83 24 18
98 38 15
59 14 22
86 81 4
97 90 3
48 32 6
12 45 17
16 80 17
55 62 7
103 100 14
64 7 15
43 102 13
89 38 12
28 3 12
100 72 1
86 85 18
9 42 1
12 93 14
33 59 22
26 16 17
98 88 16
33 47 9
86 100 17
82 88 22
22 46 14
16 45 17
19 85 14
77 70 16
82 77 12
27 51 19
71 85 14
58 15 16
96 30 22
102 31 18
60 29 22
77 36 13
87 60 14
85 62 4
46 13 0
34 67 18
25 53 2
24 35 21
12 102 7
4 103 11
97 0 11
91 79 20
95 51 19
26 77 12
76 100 22
36 8 9
24 75 4
11 75 14
51 70 19
85 6 12
101 48 15
72 79 1
62 53 8
37 51 3
42 68 20
64 4 16
7 37 13
92 60 16
93 20 14
103 44 22
41 8 7
36 71 12
22 98 14
74 52 15
48 91 3
96 100 18
62 75 18
42 71 3
78 59 22
53 100 14
74 94 3
30 70 21
3 54 20
4 90 4
60 57 14
79 4 15
86 53 22
73 98 16
19 9 18
67 96 19
86 16 0
17 2 20
66 30 7
26 87 7
87 62 17
16 57 17
58 10 14
11 95 18
56 38 16
67 42 10
63 96 14
59 4 6
16 24 4
18 13 0
18 62 0
17 27 22
28 8 22
66 93 15
85 48 22
35 71 7
88 67 7
85 21 14
52 38 0
99 12 7
69 5 12
4 36 22
54 39 14
42 11 4
35 93 14
86 94 4
29 34 22
93 68 1
51 1 14
17 19 1
81 101 9
94 13 13
93 46 13
1 36 15
34 48 14
3 9 17
46 27 18
9 95 21
71 64 18
84 0 19
65 4 22
85 29 14
37 63 14
41 59 13
71 86 21
91 30 16
103 98 15
88 66 4
25 72 18
41 17 7
90 44 17
98 84 1
72 83 8
51 85 19
91 56 17
9 65 15
40 14 14
77 48 14
5 27 7
39 65 15
47 3 6
4 56 3
18 96 16
48 43 13
28 16 20
16 69 13
13 59 18
80 21 8
71 28 21
17 85 14
69 8 13
83 13 22
77 54 3
36 49 0
76 87 17
13 86 21
102 13 16
32 30 13
84 22 14
72 52 18
61 80 17
27 23 12
23 34 0
55 50 4
39 9 1
90 15 3
61 69 13
58 92 18
65 91 12
92 61 21
77 53 14
98 23 14
42 95 21
50 14 18
73 55 9
40 13 13
62 65 14
77 42 23
102 49 8
9 91 7
16 81 7
94 44 12
72 32 22
94 32 18
4 97 15
20 78 0
35 11 21
65 49 22
60 65 13
45 34 0
3 16 16
45 0 14
54 33 16
90 29 0
31 83 15
18 32 15
74 16 16
71 67 20
14 71 9
98 101 16
15 78 18
69 11 4
23 69 7
25 62 9
17 103 6
78 19 20
18 8 0
29 42 3
0 102 9
73 85 18
37 66 4
48 103 16
51 82 9
90 50 18
69 46 14
79 102 22
92 30 14
95 56 4
56 34 17
23 8 13
49 77 14
34 8 14
12 39 17
40 22 8
25 0 6
3 51 14
90 100 18
5 28 17
73 102 2
66 60 14
42 19 3
93 34 7
100 55 4
18 89 1
13 22 18
44 20 22
81 3 6
61 52 15
45 87 7
54 103 22
42 32 18
45 13 13
58 61 4
27 71 14
26 42 1
90 102 0
36 48 22
7 78 3
89 97 18
2 47 9
99 70 4
58 24 18
53 25 2
50 22 15
4 91 7
13 17 16
97 72 1
24 85 3
88 103 2
40 30 8
55 16 16
59 74 18
24 73 19
70 34 19
80 47 3
63 34 0
23 55 17
3 71 7
31 73 22
33 3 15
82 95 21
19 45 18
17 22 18
86 20 22
69 32 18
90 12 0
26 81 3
62 38 6
64 2 4
29 17 7
83 11 3
47 37 9
103 101 2
65 54 18
51 17 4
26 94 1
81 97 14
96 57 4
45 23 1
86 63 14
72 49 22
31 80 16
65 34 8
60 19 12
14 101 8
22 1 11
35 0 12
66 28 14
51 95 19
5 84 17
63 98 14
100 66 4
17 68 4
80 50 21
9 90 4
13 40 18
3 66 18
58 78 18
99 45 3
71 13 8
84 50 17
66 29 13
49 44 14
40 1 11
70 81 4
11 65 13
51 13 22
73 34 13
68 39 20
7 5 1
94 38 17
38 33 21
30 5 21
95 7 8
32 103 7
64 20 13
28 24 6
31 91 1
6 39 16
45 10 13
27 4 2
24 72 3
37 55 4
55 67 9
86 24 16
2 8 9
48 13 8
99 11 9
62 64 18
26 44 2
59 94 16
21 11 21
85 80 15
57 53 13
36 51 3
101 97 18
3 65 22
52 47 0
92 75 14
81 22 18
38 46 15
55 41 8
89 83 18
103 66 18
73 89 16
29 30 11
1 59 13
64 51 9
99 83 22
38 82 18
77 27 16
51 59 0
68 13 14
93 19 14
4 71 3
37 12 22
14 27 13
44 26 2
26 38 13
88 93 11
62 97 14
40 42 1
44 93 7
43 76 3
0 63 22
11 87 4
88 21 2
39 60 22
68 99 14
4 20 13
6 102 13
81 57 18
29 70 4
83 85 1
14 31 22
73 10 2
40 65 15
25 38 15
4 38 13
43 27 9
49 28 12
68 92 3
28 95 17
25 34 13
101 49 0
38 39 18
8 83 14
42 57 1
10 4 18
53 35 7
88 16 12
93 11 3
24 94 4
78 21 12
11 3 22
50 74 22
32 56 19
17 94 18
47 57 18
36 20 9
12 30 11
8 33 0
68 65 7
46 93 18
52 7 13
3 47 7
22 16 17
14 38 9
38 9 18
93 27 16
43 60 22
76 27 22
68 76 14
95 12 14
13 99 19
50 49 22
78 25 8
76 44 22
53 92 12
42 25 14
91 81 17
88 9 14
17 13 8
56 47 1
50 37 17
59 68 9
26 21 11
54 48 12
62 6 18
89 65 13
52 80 22
31 34 15
55 88 12
51 64 9
88 60 8
86 10 12
87 69 16
77 32 22
19 53 8
78 10 9
40 0 14
36 87 4
39 23 1
86 38 0
34 61 14
97 85 1
68 88 17
34 2 17
90 13 0
12 10 8
41 12 8
30 86 4
26 18 22
53 43 18
16 48 8
72 17 4
16 22 17
73 79 18
23 76 3
27 9 12
98 78 16
66 91 19
35 67 9
32 39 3
27 93 8
93 85 1
21 74 16
24 71 9
63 20 13
89 47 20
23 99 18
92 49 0
23 88 22
19 38 16
8 75 18
7 32 14
12 42 17
75 93 12
80 55 17
10 60 22
8 35 7
102 89 0
66 86 4
5 66 9
1 4 11
23 62 3
41 77 4
18 1 0
78 0 8
58 29 14
81 75 18
28 90 19
7 24 18
60 71 12
49 56 16
71 58 14
56 23 9
51 69 15
78 44 13
50 31 0
89 60 16
62 37 12
13 48 16
25 49 15
12 79 4
50 69 0
74 31 13
90 89 1
19 36 9
79 20 22
86 28 1
69 90 4
4 80 16
28 25 6
74 79 4
18 23 14
36 61 4
62 58 14
1 27 14
12 32 6
73 22 14
24 39 4
22 73 22
93 71 14
63 88 22
