MRR:0.009760486893355846
Rela:[1, 1, 0, 3, 1, 3, 2, 2, 3, 2, 2, 2, 1, 2, 3, 2, 0, 2, 2, 3, 3, 1, 2, 0, 0, 2, 2, 0, 2, 1, 1, 2, 3, 2, 1, 1, 0, 2, 2, 2, 2, 3, 2, 1, 3, 1]
struct:[[5, 8, 4, 1, 7, 5, 1, 2, 5, 1, 1, 7, 4, 7, 0, 1], [2, 0, 7, 1, 7, 0, 4, 8, 0, 0, 6, 3, 4, 2, 5, 2], [0, 6, 3, 7, 1, 5, 8, 0, 1, 6, 3, 7, 7, 1, 3, 8], [4, 5, 7, 4, 7, 0, 0, 4, 0, 0, 4, 0, 8, 1, 1, 3]]

MRR:0.009225768968462944
Rela:[2, 2, 3, 1, 2, 1, 0, 3, 1, 3, 3, 3, 3, 0, 1, 0, 0, 3, 3, 1, 1, 3, 3, 3, 3, 3, 3, 3, 3, 3, 3, 3, 1, 3, 2, 2, 0, 0, 3, 3, 3, 3, 3, 0, 1, 3]
struct:[[3, 0, 4, 2, 5, 6, 4, 4, 8, 5, 1, 7, 6, 4, 5, 8], [2, 8, 0, 5, 3, 4, 0, 0, 7, 5, 3, 0, 1, 8, 5, 2], [4, 3, 1, 5, 6, 5, 8, 7, 0, 7, 8, 1, 4, 5, 6, 6], [7, 1, 7, 4, 7, 4, 6, 1, 4, 7, 7, 4, 0, 4, 4, 2]]

MRR:0.009220220148563385
Rela:[2, 2, 2, 1, 2, 1, 3, 2, 1, 2, 3, 2, 2, 3, 1, 3, 3, 2, 2, 1, 1, 2, 2, 2, 3, 2, 2, 2, 2, 2, 2, 2, 1, 3, 2, 2, 2, 3, 2, 2, 2, 0, 2, 2, 1, 2]
struct:[[7, 0, 5, 4, 5, 1, 3, 4, 8, 5, 3, 5, 3, 7, 7, 4], [3, 8, 4, 5, 1, 0, 0, 5, 2, 1, 1, 6, 0, 8, 8, 4], [1, 3, 4, 1, 6, 5, 7, 8, 2, 6, 2, 4, 1, 8, 2, 7], [4, 7, 5, 7, 8, 0, 3, 0, 4, 5, 4, 6, 8, 2, 0, 2]]

MRR:0.008911802433431149
Rela:[1, 1, 1, 2, 1, 2, 3, 1, 2, 1, 1, 1, 1, 3, 2, 3, 0, 1, 0, 2, 2, 1, 1, 0, 1, 1, 1, 0, 1, 1, 1, 0, 1, 1, 1, 1, 0, 1, 1, 1, 1, 1, 1, 1, 2, 1]
struct:[[3, 0, 3, 0, 3, 6, 8, 8, 4, 2, 1, 7, 6, 0, 5, 6], [2, 7, 2, 6, 4, 6, 3, 5, 4, 1, 6, 2, 5, 8, 2, 3], [3, 3, 0, 4, 2, 4, 4, 2, 3, 6, 1, 2, 2, 7, 3, 0], [4, 7, 7, 0, 7, 0, 3, 0, 5, 5, 4, 0, 5, 0, 8, 3]]

MRR:0.00876355916261673
Rela:[1, 0, 0, 0, 1, 0, 0, 0, 3, 3, 3, 0, 3, 3, 0, 2, 0, 3, 0, 0, 2, 1, 3, 2, 2, 3, 3, 2, 3, 1, 2, 0, 0, 0, 1, 1, 2, 0, 2, 0, 2, 3, 3, 0, 0, 3]
struct:[[4, 7, 5, 8, 0, 2, 7, 4, 2, 5, 7, 7, 2, 8, 3, 2], [4, 3, 7, 3, 2, 8, 1, 0, 2, 8, 2, 1, 2, 1, 5, 3], [0, 7, 8, 7, 6, 7, 1, 6, 4, 7, 8, 4, 6, 7, 8, 8], [1, 8, 5, 5, 7, 4, 0, 3, 7, 8, 2, 6, 7, 6, 7, 8]]

